C:\Documents and Settings\studenti\Desktop\dede\rumoreDx_senzatappo.txt

DATE:
18/5/2016
TIME:
327.5 336.6
DATA:
0 4096
      1070
       585
       369
       273
       151
        86
        68
        34
        31
        18
        19
        15
        14
        15
        19
         9
        18
        11
        14
        18
        10
        11
        15
        13
        16
        32
        39
        34
        14
        24
        33
        34
        25
        39
        34
        30
        21
        22
        25
        37
        28
        26
        31
        27
        27
        33
        23
        25
        22
        36
        33
        43
        34
        45
        35
        38
        30
        23
        38
        27
        30
        39
        29
        29
        35
        26
        30
        41
        39
        19
        22
        21
        23
        26
        30
        25
        31
        22
        40
        17
        30
        27
        25
        32
        30
        21
        18
        20
        28
        25
        31
        33
        34
        26
        27
        22
        30
        39
        33
        31
        29
        34
        26
        29
        31
        26
        17
        32
        30
        31
        29
        43
        22
        34
        28
        23
        36
        37
        24
        36
        30
        34
        23
        29
        35
        32
        27
        29
        28
        26
        27
        28
        38
        27
        35
        27
        21
        26
        40
        36
        27
        29
        28
        26
        31
        33
        36
        42
        22
        27
        32
        35
        22
        25
        34
        23
        24
        29
        34
        30
        19
        30
        30
        25
        36
        32
        24
        37
        23
        30
        21
        21
        31
        25
        36
        29
        27
        39
        30
        31
        31
        28
        36
        28
        30
        29
        36
        28
        22
        32
        24
        31
        24
        30
        20
        24
        32
        29
        27
        18
        22
        26
        32
        30
        34
        23
        30
        38
        25
        34
        26
        29
        26
        30
        40
        33
        40
        20
        26
        25
        27
        29
        18
        23
        37
        19
        27
        43
        26
        24
        22
        26
        31
        35
        24
        31
        30
        25
        36
        26
        20
        28
        16
        30
        29
        33
        22
        22
        21
        21
        29
        32
        36
        29
        27
        24
        27
        20
        31
        25
        33
        22
        33
        33
        28
        28
        29
        23
        30
        16
        25
        22
        20
        27
        28
        27
        30
        32
        39
        27
        24
        33
        33
        26
        35
        33
        29
        37
        31
        28
        19
        33
        25
        27
        20
        31
        34
        22
        27
        40
        31
        27
        25
        31
        28
        21
        34
        30
        30
        31
        28
        22
        36
        30
        42
        25
        28
        19
        29
        33
        29
        32
        17
        25
        32
        26
        33
        20
        29
        31
        31
        27
        26
        16
        25
        30
        37
        25
        24
        28
        40
        31
        32
        30
        16
        29
        27
        30
        29
        26
        29
        25
        23
        34
        31
        30
        22
        24
        31
        25
        32
        31
        36
        28
        30
        35
        26
        25
        30
        27
        30
        30
        26
        31
        28
        39
        28
        17
        25
        31
        40
        27
        35
        29
        29
        27
        32
        31
        29
        25
        33
        24
        19
        43
        35
        44
        34
        22
        20
        32
        22
        37
        23
        23
        26
        31
        33
        30
        32
        39
        22
        31
        30
        28
        28
        28
        21
        35
        32
        34
        26
        32
        28
        25
        36
        26
        26
        30
        35
        37
        32
        29
        26
        33
        36
        29
        32
        43
        29
        29
        28
        31
        33
        31
        26
        29
        29
        25
        24
        29
        35
        29
        26
        30
        35
        15
        29
        42
        39
        30
        35
        30
        25
        36
        27
        32
        25
        26
        31
        33
        25
        28
        27
        25
        33
        37
        33
        34
        20
        29
        28
        31
        37
        22
        35
        23
        30
        27
        34
        42
        29
        27
        25
        24
        19
        39
        43
        24
        28
        35
        32
        35
        28
        29
        29
        29
        32
        35
        36
        23
        39
        25
        22
        30
        25
        29
        31
        28
        39
        25
        36
        31
        20
        31
        26
        27
        30
        26
        26
        26
        26
        31
        30
        31
        15
        31
        23
        29
        29
        15
        25
        33
        44
        38
        33
        24
        27
        33
        31
        27
        30
        42
        23
        38
        30
        35
        28
        32
        24
        29
        42
        32
        39
        21
        32
        20
        36
        26
        31
        26
        22
        39
        34
        33
        37
        30
        30
        31
        30
        32
        30
        33
        25
        33
        21
        22
        28
        35
        33
        34
        30
        31
        25
        18
        22
        34
        36
        33
        33
        29
        27
        41
        27
        26
        29
        25
        32
        30
        21
        28
        15
        27
        34
        30
        39
        29
        26
        27
        23
        24
        31
        22
        34
        34
        27
        30
        33
        34
        25
        26
        30
        27
        30
        34
        31
        22
        30
        30
        39
        24
        22
        28
        27
        30
        27
        28
        35
        29
        28
        25
        32
        26
        31
        22
        23
        29
        26
        28
        30
        32
        23
        30
        37
        37
        29
        43
        43
        38
        38
        34
        36
        49
        51
        53
        60
        59
        91
        92
        83
       110
       124
       144
       166
       155
       154
       171
       148
       146
       159
       135
       107
        94
        74
        68
        50
        51
        38
        33
        21
        34
        35
        30
        22
        28
        26
        32
        27
        24
        27
        34
        31
        33
        39
        25
        27
        21
        44
        29
        29
        37
        27
        28
        35
        32
        46
        27
        23
        34
        37
        44
        34
        31
        31
        21
        19
        26
        19
        29
        18
        32
        26
        30
        26
        35
        29
        39
        23
        21
        28
        30
        27
        23
        20
        25
        30
        30
        28
        32
        27
        24
        28
        25
        33
        29
        31
        26
        24
        29
        22
        33
        30
        27
        27
        36
        24
        34
        22
        30
        26
        21
        22
        32
        31
        35
        31
        31
        20
        24
        33
        32
        30
        20
        32
        25
        33
        23
        31
        27
        34
        25
        25
        41
        30
        34
        29
        29
        34
        34
        27
        28
        30
        25
        30
        34
        34
        23
        23
        21
        36
        25
        24
        22
        36
        28
        37
        27
        29
        32
        29
        28
        21
        26
        35
        34
        22
        29
        31
        27
        33
        17
        24
        36
        35
        29
        27
        28
        25
        30
        29
        36
        22
        32
        30
        30
        23
        32
        32
        34
        28
        24
        22
        32
        22
        29
        32
        30
        27
        26
        25
        30
        29
        33
        24
        40
        25
        31
        29
        33
        33
        26
        40
        27
        26
        27
        26
        25
        26
        28
        25
        27
        30
        25
        30
        34
        33
        33
        28
        32
        37
        35
        27
        24
        23
        32
        29
        23
        24
        33
        35
        21
        21
        24
        25
        37
        30
        29
        25
        32
        29
        29
        20
        30
        25
        27
        29
        30
        35
        35
        27
        27
        29
        32
        29
        17
        39
        30
        34
        28
        30
        34
        29
        28
        34
        30
        35
        35
        29
        30
        27
        29
        39
        21
        24
        33
        19
        35
        22
        27
        32
        31
        34
        23
        33
        29
        37
        33
        35
        25
        18
        33
        26
        24
        32
        35
        32
        26
        35
        25
        16
        26
        36
        28
        27
        17
        31
        19
        34
        26
        45
        26
        25
        29
        37
        30
        35
        29
        32
        32
        29
        31
        40
        23
        26
        31
        23
        27
        32
        27
        26
        29
        29
        28
        32
        39
        26
        30
        30
        26
        34
        27
        30
        34
        33
        23
        31
        30
        30
        42
        24
        30
        34
        34
        22
        34
        27
        28
        27
        23
        28
        26
        30
        30
        34
        32
        31
        24
        28
        33
        31
        27
        25
        28
        26
        34
        27
        28
        39
        18
        31
        33
        44
        24
        27
        27
        25
        33
        33
        24
        28
        42
        26
        38
        17
        30
        29
        36
        28
        27
        28
        36
        28
        26
        26
        38
        34
        23
        35
        24
        22
        26
        30
        23
        32
        30
        30
        29
        31
        28
        30
        40
        32
        31
        35
        27
        29
        24
        26
        39
        34
        26
        32
        32
        22
        33
        34
        18
        30
        18
        33
        27
        37
        26
        28
        30
        31
        28
        32
        40
        28
        33
        30
        31
        26
        27
        36
        24
        28
        30
        30
        25
        33
        33
        31
        30
        27
        28
        24
        25
        31
        38
        33
        37
        40
        39
        28
        26
        29
        27
        26
        22
        17
        34
        27
        23
        28
        20
        33
        27
        33
        30
        34
        41
        26
        19
        29
        32
        29
        23
        23
        31
        31
        27
        29
        24
        26
        40
        31
        37
        31
        30
        29
        23
        20
        27
        31
        29
        31
        33
        27
        28
        30
        32
        24
        30
        25
        24
        28
        25
        31
        32
        29
        29
        34
        24
        26
        30
        19
        26
        26
        24
        28
        37
        23
        30
        34
        37
        25
        17
        32
        36
        31
        33
        29
        31
        30
        31
        27
        24
        26
        28
        34
        36
        26
        27
        33
        41
        31
        27
        20
        24
        19
        26
        30
        28
        33
        22
        23
        32
        36
        42
        35
        31
        23
        28
        32
        32
        27
        29
        25
        41
        30
        29
        28
        30
        24
        31
        26
        21
        20
        27
        34
        17
        36
        20
        28
        26
        42
        31
        34
        37
        26
        28
        19
        29
        28
        37
        34
        30
        28
        27
        33
        25
        24
        24
        38
        22
        23
        24
        32
        41
        32
        27
        21
        33
        32
        35
        23
        31
        35
        30
        31
        33
        25
        31
        20
        32
        31
        36
        23
        33
        26
        32
        25
        27
        33
        31
        21
        43
        34
        37
        32
        28
        27
        11
        29
        31
        31
        22
        24
        29
        33
        35
        31
        23
        31
        31
        28
        30
        34
        27
        29
        29
        28
        28
        30
        30
        34
        25
        31
        30
        17
        32
        22
        31
        24
        21
        29
        21
        26
        34
        33
        25
        29
        27
        31
        24
        37
        29
        35
        24
        25
        28
        32
        30
        24
        26
        29
        32
        31
        39
        32
        23
        23
        27
        26
        27
        33
        33
        37
        32
        34
        27
        28
        24
        25
        30
        34
        36
        43
        29
        25
        30
        22
        27
        26
        25
        27
        24
        25
        35
        41
        25
        19
        23
        21
        23
        33
        32
        29
        27
        31
        31
        28
        34
        32
        29
        36
        37
        27
        20
        22
        37
        31
        35
        30
        34
        27
        28
        25
        26
        23
        36
        29
        36
        30
        27
        35
        27
        25
        40
        29
        30
        26
        26
        35
        31
        17
        22
        23
        31
        31
        20
        26
        25
        24
        27
        30
        21
        28
        25
        30
        41
        23
        32
        34
        42
        29
        33
        34
        35
        33
        31
        33
        30
        30
        41
        26
        24
        26
        32
        24
        27
        23
        30
        32
        32
        27
        28
        34
        46
        27
        31
        20
        27
        31
        33
        25
        28
        26
        26
        32
        26
        27
        30
        25
        22
        37
        31
        32
        24
        32
        25
        39
        18
        33
        30
        32
        29
        27
        34
        21
        24
        30
        40
        30
        25
        31
        22
        36
        24
        27
        40
        35
        23
        41
        21
        33
        23
        21
        29
        33
        26
        24
        22
        27
        28
        33
        35
        27
        24
        39
        28
        35
        37
        28
        32
        37
        25
        36
        37
        26
        27
        36
        27
        34
        29
        28
        24
        27
        35
        34
        22
        39
        27
        32
        41
        38
        31
        19
        26
        32
        30
        30
        34
        23
        25
        30
        28
        33
        36
        28
        31
        28
        33
        34
        27
        25
        28
        26
        27
        31
        30
        23
        30
        32
        39
        21
        39
        24
        20
        29
        35
        34
        37
        32
        26
        33
        31
        26
        32
        24
        37
        29
        29
        30
        24
        32
        32
        34
        28
        31
        24
        30
        34
        37
        22
        32
        25
        28
        26
        30
        24
        35
        37
        30
        35
        29
        28
        31
        27
        22
        27
        30
        25
        36
        21
        44
        17
        24
        19
        32
        25
        28
        29
        30
        40
        39
        24
        29
        34
        27
        34
        27
        35
        29
        30
        29
        27
        23
        30
        33
        18
        27
        26
        32
        21
        30
        26
        27
        27
        19
        36
        34
        32
        24
        26
        29
        25
        34
        41
        35
        31
        29
        31
        25
        20
        22
        24
        26
        25
        34
        21
        30
        27
        32
        22
        25
        33
        32
        34
        33
        22
        31
        23
        30
        29
        37
        27
        38
        23
        32
        37
        23
        25
        26
        13
        31
        22
        23
        31
        33
        34
        24
        26
        28
        27
        25
        24
        24
        28
        32
        37
        41
        37
        24
        28
        27
        42
        31
        26
        30
        33
        33
        28
        25
        27
        26
        27
        31
        34
        31
        33
        18
        26
        30
        33
        34
        24
        24
        29
        30
        26
        30
        44
        35
        34
        30
        18
        29
        20
        22
        30
        30
        25
        26
        30
        27
        35
        26
        35
        29
        25
        27
        32
        23
        36
        26
        35
        28
        31
        28
        23
        35
        28
        37
        26
        37
        27
        30
        23
        31
        24
        31
        32
        22
        25
        29
        31
        36
        29
        36
        19
        31
        34
        38
        24
        27
        26
        27
        34
        31
        27
        33
        26
        25
        33
        31
        22
        36
        37
        22
        21
        39
        28
        20
        29
        22
        31
        33
        27
        29
        26
        34
        25
        28
        26
        27
        26
        21
        28
        28
        39
        29
        23
        26
        32
        29
        25
        24
        31
        24
        29
        21
        33
        28
        28
        32
        28
        23
        29
        29
        33
        31
        26
        27
        33
        39
        30
        27
        29
        38
        31
        27
        29
        23
        20
        31
        43
        34
        19
        27
        25
        27
        25
        31
        37
        34
        31
        25
        18
        25
        30
        28
        30
        26
        25
        35
        25
        16
        25
        38
        26
        36
        28
        32
        37
        19
        36
        29
        24
        35
        20
        32
        27
        25
        27
        33
        28
        38
        35
        30
        29
        43
        28
        28
        26
        30
        32
        25
        30
        29
        26
        24
        28
        26
        35
        37
        23
        35
        24
        30
        37
        29
        21
        30
        30
        31
        27
        29
        31
        33
        27
        24
        21
        35
        23
        42
        32
        34
        30
        23
        37
        32
        29
        34
        32
        26
        23
        28
        22
        24
        36
        24
        35
        31
        24
        32
        23
        31
        37
        24
        38
        35
        22
        33
        24
        41
        33
        33
        23
        36
        29
        27
        26
        23
        30
        24
        41
        30
        22
        26
        39
        35
        32
        13
        31
        36
        29
        26
        35
        34
        28
        31
        27
        43
        28
        30
        22
        40
        24
        30
        27
        22
        24
        31
        33
        28
        33
        19
        23
        24
        27
        24
        41
        30
        32
        39
        31
        28
        31
        32
        33
        42
        28
        21
        24
        27
        22
        32
        31
        29
        22
        35
        25
        29
        28
        30
        32
        35
        41
        23
        31
        28
        29
        23
        32
        24
        24
        31
        37
        36
        40
        31
        27
        35
        30
        38
        29
        25
        27
        22
        29
        24
        27
        22
        29
        28
        19
        27
        29
        36
        25
        33
        30
        32
        33
        28
        22
        22
        27
        26
        28
        30
        39
        31
        37
        26
        34
        35
        32
        30
        31
        25
        31
        28
        18
        21
        30
        26
        35
        23
        35
        23
        24
        27
        21
        22
        27
        34
        24
        43
        42
        29
        22
        35
        28
        34
        23
        28
        34
        25
        33
        41
        35
        28
        28
        21
        24
        21
        25
        34
        28
        23
        27
        35
        35
        35
        31
        21
        35
        33
        26
        21
        24
        27
        28
        22
        43
        27
        28
        22
        38
        25
        41
        17
        18
        26
        18
        32
        28
        23
        32
        28
        30
        26
        25
        28
        43
        39
        30
        37
        26
        36
        27
        26
        25
        28
        37
        32
        24
        17
        37
        33
        29
        27
        31
        22
        27
        27
        31
        28
        29
        28
        31
        29
        31
        20
        29
        25
        25
        26
        31
        21
        31
        19
        31
        29
        26
        38
        25
        24
        23
        26
        34
        52
        38
        26
        30
        30
        19
        22
        31
        44
        29
        33
        38
        29
        22
        33
        30
        25
        36
        38
        32
        28
        32
        27
        27
        24
        35
        34
        33
        29
        30
        23
        24
        26
        28
        28
        21
        28
        24
        28
        20
        29
        31
        23
        29
        32
        32
        26
        20
        29
        38
        20
        25
        35
        24
        22
        21
        27
        23
        30
        20
        17
        32
        25
        28
        35
        24
        28
        23
        39
        31
        30
        34
        25
        29
        35
        32
        29
        41
        35
        32
        21
        35
        26
        34
        30
        26
        35
        33
        38
        23
        30
        32
        30
        22
        24
        26
        37
        27
        34
        19
        43
        33
        22
        28
        35
        42
        32
        32
        34
        24
        38
        23
        31
        28
        20
        32
        35
        25
        26
        32
        29
        28
        30
        36
        24
        28
        38
        27
        35
        41
        28
        39
        27
        24
        29
        24
        22
        29
        35
        21
        27
        38
        26
        28
        37
        42
        32
        49
        30
        23
        34
        27
        33
        25
        32
        19
        37
        20
        33
        30
        28
        25
        30
        20
        34
        30
        18
        35
        36
        36
        31
        22
        23
        26
        27
        31
        38
        35
        31
        29
        31
        25
        32
        22
        30
        27
        34
        31
        28
        25
        26
        33
        24
        20
        28
        38
        17
        28
        31
        34
        25
        31
        27
        28
        32
        27
        32
        29
        25
        34
        26
        32
        27
        34
        29
        16
        24
        30
        34
        30
        33
        18
        28
        31
        31
        29
        32
        31
        30
        32
        28
        31
        37
        32
        35
        28
        30
        28
        20
        36
        26
        27
        25
        25
        24
        29
        27
        33
        29
        28
        28
        29
        28
        37
        29
        36
        23
        36
        27
        25
        23
        35
        27
        32
        33
        37
        34
        25
        38
        31
        26
        32
        40
        29
        31
        32
        26
        26
        24
        21
        26
        31
        31
        23
        28
        27
        21
        21
        38
        34
        30
        32
        24
        32
        19
        24
        35
        22
        27
        23
        35
        32
        26
        24
        30
        40
        31
        28
        35
        33
        27
        29
        21
        25
        29
        38
        32
        30
        30
        26
        33
        23
        23
        32
        24
        33
        27
        34
        35
        36
        32
        31
        27
        34
        24
        33
        29
        28
        26
        42
        23
        32
        37
        29
        42
        31
        31
        30
        30
        34
        33
        37
        26
        30
        40
        32
        37
        31
        34
        20
        34
        29
        38
        30
        30
        32
        36
        31
        24
        28
        32
        29
        42
        23
        34
        29
        27
        28
        30
        35
        26
        26
        29
        28
        32
        32
        16
        34
        33
        33
        28
        27
        26
        36
        23
        19
        33
        34
        38
        28
        36
        24
        25
        25
        26
        25
        36
        22
        23
        22
        31
        30
        34
        25
        33
        20
        28
        31
        20
        23
        24
        33
        18
        33
        23
        25
        25
        27
        27
        29
        30
        26
        24
        30
        24
        28
        35
        37
        22
        32
        30
        33
        22
        21
        24
        28
        20
        28
        20
        29
        31
        31
        36
        20
        36
        30
        24
        26
        31
        31
        34
        41
        23
        30
        33
        25
        23
        29
        29
        37
        23
        29
        34
        33
        29
        26
        32
        29
        29
        22
        27
        24
        18
        38
        30
        36
        30
        27
        32
        36
        27
        21
        25
        37
        26
        18
        40
        29
        23
        25
        30
        26
        35
        39
        26
        39
        23
        26
        25
        31
        24
        37
        38
        26
        21
        21
        28
        27
        32
        33
        21
        33
        33
        34
        18
        37
        31
        28
        32
        38
        28
        25
        21
        37
        24
        29
        27
        33
        28
        23
        37
        31
        31
        24
        36
        33
        25
        29
        32
        29
        31
        31
        26
        31
        34
        32
        32
        31
        37
        33
        37
        27
        30
        25
        32
        29
        29
        30
        30
        25
        23
        29
        28
        37
        33
        32
        26
        41
        25
        29
        24
        28
        24
        31
        18
        33
        28
        31
        26
        35
        40
        19
        33
        27
        41
        26
        26
        34
        33
        27
        24
        18
        28
        32
        31
        26
        26
        38
        37
        35
        26
        31
        24
        28
        30
        24
        34
        22
        29
        30
        33
        25
        37
        38
        35
        27
        31
        29
        19
        27
        30
        21
        12
        35
        28
        29
        25
        21
        26
        24
        28
        30
        28
        24
        31
        28
        27
        28
        36
        30
        28
        28
        26
        30
        29
        19
        21
        37
        28
        34
        27
        35
        33
        31
        24
        31
        32
        25
        27
        29
        31
        19
        39
        22
        28
        27
        29
        28
        30
        37
        31
        27
        30
        35
        21
        32
        26
        22
        29
        27
        36
        23
        31
        29
        24
        26
        38
        34
        24
        26
        30
        25
        26
        36
        22
        27
        21
        17
        30
        25
        29
        32
        25
        21
        23
        34
        22
        29
        29
        38
        31
        26
        26
        36
        18
        30
        26
        19
        26
        30
        26
        27
        32
        20
        27
        24
        33
        35
        36
        30
        27
        39
        31
        30
        38
        34
        29
        37
        32
        28
        38
        29
        26
        31
        38
        25
        28
        31
        36
        46
        31
        32
        29
        36
        29
        23
        38
        28
        24
        24
        38
        26
        22
        36
        37
        37
        31
        31
        38
        32
        30
        30
        26
        32
        32
        27
        29
        35
        34
        28
        34
        28
        25
        33
        30
        33
        35
        25
        26
        22
        21
        22
        26
        30
        28
        33
        27
        29
        28
        22
        30
        27
        33
        31
        27
        28
        30
        34
        37
        20
        21
        33
        31
        29
        31
        33
        30
        23
        32
        28
        32
        29
        26
        32
        22
        45
        35
        32
        19
        31
        29
        25
        29
        27
        23
        29
        22
        28
        22
        29
        37
        25
        28
        22
        36
        32
        33
        37
        30
        32
        29
        38
        22
        33
        26
        29
        40
        26
        39
        24
        39
        28
        33
        34
        25
        33
        24
        30
        28
        26
        24
        35
        34
        25
        32
        26
        35
        30
        40
        34
        32
        31
        27
        37
        27
        27
        37
        26
        32
        27
        34
        44
        39
        33
        26
        31
        28
        22
        29
        28
        32
        34
        25
        34
        28
        33
        34
        34
        27
        23
        21
        27
        27
        33
        23
        33
        30
        29
        25
        33
        24
        32
        33
        22
        24
        36
        33
        26
        25
        31
        20
        23
        19
        24
        27
        22
        21
        35
        32
        24
        21
        29
        21
        36
        39
        30
        30
        24
        39
        33
        22
        31
        23
        27
        38
        35
        27
        25
        39
        31
        26
        25
        32
        23
        25
        33
        34
        24
        27
        27
        26
        30
        22
        23
        32
        28
        29
        27
        27
        30
        25
        21
        23
        36
        30
        22
        22
        39
        29
        27
        23
        29
        27
        28
        22
        25
        39
        28
        27
        29
        22
        30
        31
        35
        23
        22
        31
        29
        27
        23
        25
        29
        37
        35
        21
        28
        29
        27
        33
        23
        26
        28
        18
        32
        35
        29
        22
        33
        33
        19
        31
        32
        27
        30
        41
        26
        18
        29
        33
        39
        28
        34
        23
        28
        37
        36
        31
        40
        21
        27
        39
        26
        38
        30
        25
        31
        31
        32
        16
        22
        16
        27
        24
        21
        30
        27
        32
        34
        21
        32
        34
        14
        34
        26
        26
        24
        33
        19
        30
        29
        34
        31
        29
        30
        34
        25
        38
        36
        24
        29
        35
        35
        32
        27
        28
        25
        27
        25
        43
        29
        37
        32
        31
        18
        29
        28
        35
        19
        32
        31
        32
        35
        30
        28
        25
        24
        26
        38
        37
        22
        28
        30
        25
        20
        19
        34
        19
        34
        45
        27
        26
        44
        37
        29
        22
        34
        36
        28
        36
        23
        31
        22
        30
        29
        27
        32
        25
        28
        25
        34
        34
        38
        22
        25
        22
        27
        23
        28
        27
        19
        31
        24
        32
        32
        34
        39
        32
        32
        38
        29
        23
        28
        21
        34
        28
        26
        34
        26
        35
        25
        31
        27
        28
        30
        29
        27
        27
        35
        23
        25
        30
        24
        33
        23
        35
        32
        26
        30
        31
        33
        27
        28
        30
        27
        23
        36
        30
        39
        21
        27
        24
        39
        32
        28
        25
        28
        25
        25
        27
        21
        38
        23
        24
        33
        33
        34
        38
        25
        27
        19
        28
        33
        24
        26
        30
        31
        24
        25
        29
        21
        32
        36
        24
        28
        28
        23
        34
        31
        32
        35
        36
        21
        35
        38
        19
        31
        27
        31
        25
        34
        35
        36
        30
        39
        29
        25
        20
        24
        33
        30
        38
        34
        34
        27
        33
        30
        34
        25
        32
        35
        29
        34
        28
        37
        33
        23
        28
        26
        33
        24
        30
        37
        36
        25
        30
        19
        32
        27
        29
        25
        30
        24
        24
        33
        33
        26
        22
        23
        23
        36
        32
        40
        42
        33
        29
        25
        29
        30
        38
        45
        28
        27
        36
        30
        35
        38
        28
        27
        30
        28
        39
        32
        31
        35
        32
        39
        26
        21
        23
        35
        28
        28
        26
        25
        23
        27
        23
        30
        34
        30
        38
        23
        36
        33
        27
        28
        37
        25
        26
        40
        31
        26
        35
        32
        30
        30
        25
        26
        25
        23
        38
        29
        30
        29
        29
        40
        21
        32
        24
        21
        28
        30
        27
        29
        28
        27
        28
        28
        27
        37
        28
        34
        41
        30
        41
        28
        33
        23
        29
        25
        29
        20
        26
        26
        28
        34
        32
        32
        34
        31
        24
        33
        24
        32
        30
        22
        30
        37
        23
        30
        38
        24
        28
        31
        28
        22
        22
        27
        25
        29
        22
        19
        35
        37
        20
        34
        26
        25
        36
        37
        29
        25
        29
        28
        39
        32
        29
        35
        26
        26
        29
        30
        27
        28
        15
        20
        28
        30
        30
        33
        44
        40
        35
        15
        23
        27
        21
        36
        24
        28
        35
        22
        27
        29
        35
        30
        34
        28
        19
        36
        26
        28
        31
        40
        26
        25
        25
        36
        26
        24
        23
        21
        25
        20
        25
        31
        25
        39
        33
        26
        25
        20
        21
        16
        30
        37
        28
        27
        21
        33
        36
        16
        24
        28
        27
        17
        32
        26
        31
        32
        31
        24
        30
        32
        34
        38
        29
        36
        21
        30
        24
        26
        32
        31
        20
        36
        23
        20
        28
        21
        33
        24
        30
        27
        31
        41
        31
        26
        22
        31
        33
        21
        25
        30
        29
        30
        27
        28
        32
        33
        29
        30
        27
        34
        35
        31
        40
        30
        33
        32
        40
        30
        39
        27
        33
        31
        30
        29
        24
        29
        41
        38
        20
        24
        30
        20
        38
        28
        29
        33
        30
        29
        21
        21
        30
        20
        33
        27
        31
        26
        19
        37
        30
        32
        38
        27
        35
        34
        27
        36
        26
        23
        33
        27
        31
        31
        32
        36
        29
        28
        27
        25
        30
        31
        31
        24
        39
        28
        43
        35
        25
        23
        27
        27
        33
        22
        35
        31
        22
        26
        30
        25
        34
        27
        29
        31
        28
        24
        26
        37
        31
        35
        42
        31
        38
        23
        38
        30
        21
        38
        30
        34
        33
        26
        28
        26
        26
        35
        20
        36
        29
        31
        35
        35
        23
        33
        26
        28
        28
        28
        30
        24
        33
        33
        25
        25
        27
        26
        25
        26
        23
        24
        35
        30
        25
        34
        33
        36
        29
        16
        29
        22
        31
        28
        25
        24
        26
        34
        35
        23
        26
        38
        35
        28
        24
        28
        32
        28
        30
        29
        16
        17
        42
        28
        32
        36
        31
        25
        28
        42
        25
        21
        27
        24
        36
        30
        21
        27
        26
        38
        38
        22
        22
        26
        33
        23
        33
        18
        29
        32
        26
        32
        26
        35
        32
        34
        33
        29
        29
        24
        34
        37
        28
        32
        29
        15
        14
         6
         7
         4
         2
         1
         3
         3
         2
         5
         8
        13
        17
        18
        25
        55
        55
       118
       318
     10589
    140345
    120765
         0
         0
         0
         0
