C:\Documents and Settings\studenti\Desktop\dede\13_12_2016.txt

DATE:
2/10/2016
TIME:
604800.0 604800.1
DATA:
0 4096
         8
         4
        13
        14
         4
         2
         2
         3
         0
         2
         1
         1
         0
         0
         0
         0
         1
         0
         0
         0
         0
         0
         0
         0
         0
         0
         0
         0
         0
         0
         0
         0
         0
         0
         0
         0
         0
         0
         0
         0
         0
         0
         0
         0
         0
         0
         0
         0
         0
         0
         0
         0
         0
         0
         0
         0
         0
         0
         0
         0
         0
         0
         0
         0
         0
         0
         0
         0
         0
         0
         0
         0
         0
         0
         0
         0
         0
         0
         0
         0
         0
         0
         0
         0
         0
         0
         0
         0
         0
         0
         0
         0
         0
         0
         0
         0
         0
         0
         0
         0
         0
         0
         0
         0
         0
         0
         0
         0
         0
         0
         0
         0
         0
         0
         0
         0
         0
         0
         0
         0
         0
         0
         0
         0
         0
         0
         0
         0
         0
         0
         0
         0
         0
         0
         0
         0
         0
         0
         0
         0
         0
         0
         0
         0
         0
         0
         0
         0
         0
         0
         0
         4
        71
        22
         0
         0
         0
         0
         0
         0
         0
         0
         1
         0
         0
         1
        26
       141
       213
       201
       227
       211
       205
       216
       208
       199
       232
       233
       203
       222
       205
       198
       228
       216
       204
       211
       234
       231
       205
       190
       239
       216
       216
       220
       221
       204
       195
       203
       190
       203
       189
       193
       204
       186
       198
       189
       206
       216
       184
       192
       205
       169
       198
       184
       205
       203
       209
       214
       191
       189
       170
       176
       187
       185
       164
       217
       173
       203
       189
       196
       201
       167
       168
       168
       178
       153
       188
       183
       182
       182
       180
       165
       184
       174
       175
       149
       113
       165
       171
       168
       160
       179
       161
       188
       173
       162
       161
       164
       165
       159
       165
       153
       168
       141
       184
       169
       154
       179
       153
       145
       137
       153
       159
       156
       143
       126
       150
       167
       137
       159
       145
       138
       156
       157
       167
       144
       138
       159
       145
       143
       144
       131
       140
       145
       154
       164
       113
       140
       130
       158
       142
       147
       135
       140
       132
       145
       138
       141
       127
       138
       154
       126
       127
       108
       122
       129
       132
       137
       148
       134
       129
       119
       135
       122
       140
       124
       119
       127
       131
       146
       129
       116
       122
       132
       128
       117
       111
       111
       126
       108
       127
       142
       132
       130
       133
       115
       115
       109
       120
       102
       121
       121
       109
       118
       116
       119
       110
       116
       107
       108
       115
       107
       109
       111
       119
       115
       109
       107
        96
       123
       114
       123
        95
       116
       109
        80
        95
       116
       137
       110
       128
        99
       107
       116
       108
       109
       100
       112
        96
       102
        93
       112
        90
       100
       102
        97
       116
       107
       106
        94
       108
       111
       100
       109
       100
        83
       110
        94
       102
       107
       103
       100
        98
       110
        96
       114
       110
       101
       112
        77
        94
        91
        92
        78
        83
        77
       117
       104
        90
       110
        93
        90
       100
        88
        85
        85
        96
       106
       107
        91
        84
        83
        95
        88
       105
        88
        94
        86
        88
        99
        92
        93
        85
        79
        99
        89
        80
        89
        78
        83
        89
       103
        78
        91
        97
        94
        77
        84
        88
        79
        74
        82
        97
        81
       112
        95
        80
        83
        77
        73
        73
        74
        78
        89
        77
        79
        92
        81
        68
        84
        83
        84
        93
        69
        81
        66
        84
        88
        68
        78
        77
        79
        77
        72
        82
        80
        83
        67
        71
        75
        90
        79
        76
        68
        65
        72
        80
        66
        73
        71
        71
        72
        78
        75
        79
        80
        63
        73
        67
        73
        60
        69
        76
        63
        76
        68
        65
        72
        55
        68
        66
        74
        87
        59
        64
        67
        61
        65
        50
        63
        78
        60
        59
        55
        66
        53
        67
        67
        65
        72
        66
        64
        68
        65
        71
        71
        63
        56
        82
        77
        70
        56
        65
        68
        68
        72
        70
        75
        58
        70
        55
        60
        75
        64
        62
        63
        56
        68
        73
        62
        57
        63
        57
        49
        55
        50
        51
        75
        51
        51
        68
        44
        51
        70
        62
        56
        52
        55
        65
        51
        65
        49
        43
        52
        53
        65
        63
        54
        53
        47
        58
        52
        55
        56
        61
        61
        47
        52
        71
        52
        58
        62
        51
        54
        45
        44
        45
        55
        56
        55
        53
        58
        58
        58
        40
        50
        59
        52
        61
        48
        55
        62
        57
        58
        52
        42
        42
        42
        46
        52
        52
        51
        64
        53
        55
        48
        49
        45
        43
        66
        50
        52
        45
        51
        48
        56
        44
        43
        54
        51
        40
        52
        52
        47
        56
        49
        36
        49
        57
        54
        46
        34
        52
        40
        54
        56
        46
        41
        49
        57
        38
        59
        44
        43
        58
        42
        37
        32
        40
        49
        42
        52
        46
        53
        37
        44
        38
        36
        42
        44
        52
        47
        50
        50
        39
        44
        37
        49
        43
        41
        39
        45
        48
        51
        35
        47
        64
        39
        35
        44
        39
        39
        41
        26
        40
        30
        41
        51
        39
        38
        45
        41
        37
        35
        39
        37
        50
        43
        36
        40
        35
        36
        33
        43
        28
        38
        43
        33
        36
        46
        38
        43
        38
        43
        35
        44
        35
        46
        43
        42
        37
        36
        30
        35
        37
        43
        32
        29
        40
        26
        36
        37
        41
        42
        42
        40
        44
        43
        39
        31
        42
        54
        47
        42
        32
        35
        25
        26
        35
        26
        35
        31
        28
        44
        28
        37
        26
        46
        35
        28
        32
        23
        29
        33
        43
        36
        28
        27
        28
        38
        31
        28
        30
        27
        38
        36
        37
        40
        18
        27
        27
        32
        34
        28
        20
        26
        31
        29
        27
        42
        27
        38
        30
        28
        30
        28
        35
        37
        33
        30
        38
        22
        27
        32
        32
        35
        39
        35
        26
        36
        29
        33
        28
        21
        30
        35
        36
        29
        38
        28
        31
        34
        40
        38
        24
        35
        33
        25
        22
        23
        33
        26
        22
        40
        32
        25
        45
        32
        26
        17
        20
        30
        25
        29
        24
        29
        37
        31
        24
        36
        29
        24
        22
        29
        26
        24
        33
        30
        30
        25
        35
        29
        31
        22
        24
        35
        28
        23
        25
        31
        25
        29
        23
        31
        27
        27
        36
        31
        27
        23
        23
        25
        34
        23
        24
        31
        22
        24
        28
        15
        17
        23
        35
        20
        24
        21
        30
        22
        22
        22
        24
        25
        28
        21
        40
        25
        26
        25
        17
        18
        20
        24
        25
        21
        24
        27
        24
        18
        20
        20
        25
        16
        15
        23
        23
        25
        22
        31
        22
        16
        17
        22
        22
        18
        26
        12
        18
        19
        16
        22
        30
        18
        19
        23
        24
        23
        22
        12
        15
        24
        25
        25
        29
        25
        30
        12
        22
        25
        20
        20
        26
        18
        21
        17
        32
        11
        26
        15
        18
        22
        19
        13
        15
        20
        21
        24
        21
        16
        15
        22
        18
        21
        21
        17
        18
        24
        14
        16
        24
        21
        29
        15
        19
        22
        18
        15
        19
        19
        24
        20
        18
        19
         7
        15
        25
        22
        22
        20
        20
        23
        18
        14
        15
        30
        16
        19
        17
        20
        19
        16
        22
        11
        23
        16
        22
        25
        15
        17
        24
        14
        18
        22
        17
        11
        19
        13
        16
        24
        21
        26
        21
        24
        16
        19
        18
        21
        17
        19
        18
        17
        15
        15
        14
        25
        24
        14
         9
        18
        12
        26
        17
        17
        15
        23
        13
        19
        19
        20
        15
        13
        15
        13
        13
        21
        18
        16
        12
        17
        23
        17
        15
        20
        14
        16
        12
        11
        23
        16
        13
        13
        13
        15
        21
        20
        21
        17
        11
        10
         9
        17
        17
        21
        21
        16
        13
        12
        11
        11
        19
        17
        14
         9
        15
        13
        13
        15
        15
        20
        18
        14
        14
        14
        14
        12
        18
        16
        10
        14
        22
        17
        20
        15
        20
        15
        16
         7
        13
        19
        15
         9
        12
        10
         9
        14
        12
        18
        16
        13
        16
        18
        20
        17
        16
        17
        13
        18
         6
        12
        14
        15
        14
        22
        15
        14
        18
        17
        11
        20
        15
        12
        15
        16
        16
        15
        18
         8
        11
        14
        11
         5
        15
        14
        12
        18
         7
        10
        10
        19
        11
        14
         6
        13
        13
        16
        17
         6
        12
         8
         9
        11
        10
        12
        10
        13
        11
        14
        17
        11
        15
        18
        17
        17
        14
        18
        19
        10
         6
        19
         7
         8
        15
        10
        10
         8
         9
        12
        12
         3
        12
        10
        17
         6
        14
        12
        17
        15
        14
         9
        14
        13
         9
         7
        11
         4
        15
         6
        15
        19
         8
        11
        14
        10
        12
         6
         9
         6
        13
         7
         9
         9
         7
         8
        11
        11
         9
        12
        10
        15
        14
        14
         9
        12
        10
         7
         5
        11
         9
        10
        12
        11
        11
        10
         8
        10
        10
         9
         7
         8
        12
        14
         9
        10
        11
        11
        11
         9
        14
         7
        10
        12
         8
        11
        13
         4
         7
         7
        11
         5
         5
         9
         7
        11
        10
        15
         6
         7
         8
         6
         9
         6
         6
        13
        14
         8
         7
         9
        12
         9
         9
         8
         5
         7
         8
         8
         7
         7
        11
         7
        11
        12
        14
         4
         6
         8
         7
         7
         7
         6
         8
        11
         7
         8
        11
         6
         6
        11
         8
        16
         5
        12
         6
         9
        13
         7
         8
         4
         7
         7
         7
        13
         8
         5
        12
         4
         6
        13
         9
        13
         8
        10
         8
         9
        12
         9
         5
         7
         7
         7
        11
         6
        11
         9
        10
        13
         3
        11
        13
        11
        11
        12
        11
         5
        10
         7
         6
         7
         4
         9
        12
        10
         8
        14
        10
         8
        10
         7
         9
        11
        12
         7
         8
        11
        10
         7
         6
         8
         7
         6
         9
         2
        10
         9
        10
         5
        17
         8
         6
         7
        10
         2
         7
         9
         9
        11
         7
        11
         9
        10
         6
         4
         8
         9
         7
         5
         6
         7
         8
        10
         5
         5
         7
        12
         6
        10
         7
         9
         7
         6
         7
         9
        11
         5
         3
         8
         2
         4
         5
         8
         9
         9
         6
         7
        10
         7
        12
         9
         4
        11
         8
         7
         4
        10
        10
         6
         3
         8
         5
         9
         7
        12
         4
         7
         7
         9
         6
        12
         4
         5
         7
         5
         5
         4
         5
        13
         7
         6
         9
        11
         7
         8
         7
         8
        10
         2
         7
         4
         4
         3
         5
         3
         6
        11
         6
         3
         6
         7
         8
         7
        10
         7
         5
         3
         6
         8
         8
         5
        10
         5
         5
         5
         6
         3
         8
         4
         5
         5
         4
         3
         3
         7
         5
         5
         5
         4
         6
         5
         4
         6
         2
         7
         7
         4
         5
         1
         9
         3
         4
        10
        13
         6
         4
         6
         9
         5
         2
         3
         6
         5
         3
         3
         3
         8
         1
         7
         9
         2
         4
         7
         3
         4
         7
         7
         4
         3
         3
         5
         3
         6
         5
         8
         4
         5
         2
         1
         6
         4
         5
         7
         3
         1
         2
         3
        11
         6
         0
        10
         7
         9
         6
         4
         7
         4
         5
         3
         5
         4
         7
         5
         8
         9
         5
         9
         3
         6
         5
         3
         8
         3
         3
         4
         6
         8
         6
         8
        11
         4
         5
         7
        10
         3
         6
         5
         4
         5
         3
         7
         3
         5
         6
         6
         4
         3
         1
         3
         3
         8
         5
         5
         6
         4
         3
         4
         3
         1
         2
         5
         5
         3
         6
         4
         3
         3
         3
         3
         2
         4
         5
         3
         4
         3
         8
         3
         6
         4
         2
         7
         1
         4
         9
         4
         5
         2
         7
         5
         4
         4
         2
         9
         8
         6
         5
         1
         2
         5
         2
         4
         2
         2
         4
         3
         4
         7
         4
         7
         1
         8
         8
         6
         6
         4
         2
         9
         5
         5
         0
         6
         2
         5
         2
         6
         3
         1
         3
         4
         6
         9
         1
         5
         5
         2
         1
         5
         5
         4
         3
         3
         4
         4
         7
         5
         4
         3
         2
         6
         1
         3
         5
         9
         0
         7
         6
         9
         6
         5
         9
         3
         4
         1
         8
         3
         6
         3
         5
         1
         1
         3
         2
         8
         5
         7
         2
         5
         8
         2
         5
         2
         4
         1
         3
         4
         1
         4
         2
         3
         6
         6
         6
         3
         3
         2
         2
         8
         2
         1
         3
         3
         4
         8
         5
         1
         3
         2
         7
         3
         3
         4
         5
         4
         5
         5
         2
         3
         4
         0
         2
         3
         5
         5
         1
         2
         1
         3
         4
         3
         4
         3
         2
         7
         4
         4
         3
         1
         5
         2
         5
         4
         1
         4
         4
         4
         8
         5
         6
         7
         3
         3
         4
         2
         3
         3
         2
         2
         4
         1
         5
         0
         4
         2
         6
         4
         5
         3
         1
         5
         3
         7
         7
         5
         4
         0
         1
         4
         2
         7
         3
         1
         4
         3
         1
         3
         2
         2
         1
         4
        10
         5
         4
         2
         6
         1
         3
         2
         3
         5
         3
         4
         4
         6
         1
         4
         2
         2
         3
         3
         1
         4
         1
         3
         3
         1
         3
         6
         0
         4
         2
         4
         4
         2
         0
         6
         3
         4
         3
         1
         1
         0
         0
         2
         3
         1
         6
         1
         3
         4
         2
         5
         1
         2
         1
         1
         2
         1
         2
         2
         3
         3
         4
         2
         5
         3
         2
         2
         2
         1
         3
         4
         3
         3
         2
         3
         5
         3
         1
         3
         5
         3
         2
         2
         4
         2
         3
         4
         2
         0
         3
         2
         4
         0
         8
         2
         1
         5
         3
         4
         0
         3
         5
         1
         3
         2
         0
         2
         4
         1
         1
         3
         1
         7
         1
         2
         3
         2
         3
         1
         2
         2
         5
         6
         3
         3
         1
         2
         2
         3
         1
         2
         1
         2
         4
         5
         3
         1
         3
         2
         2
         4
         0
         1
         4
         0
         3
         2
         3
         1
         0
         0
         3
         1
         0
         2
         1
         1
         4
         2
         3
         5
         4
         1
         2
         1
         4
         4
         2
         2
         0
         1
         1
         4
         0
         7
         4
         2
         3
         1
         3
         3
         1
         6
         2
         5
         2
         5
         5
         0
         5
         1
         2
         1
         5
         1
         2
         2
         2
         1
         3
         1
         2
         3
         0
         2
         1
         1
         2
         2
         2
         1
         1
         3
         1
         4
         3
         2
         1
         2
         3
         1
         4
         1
         3
         2
         3
         1
         0
         4
         1
         2
         1
         3
         4
         2
         3
         0
         5
         1
         1
         0
         2
         1
         3
         1
         3
         2
         1
         1
         4
         2
         1
         3
         2
         3
         3
         1
         4
         2
         1
         1
         0
         2
         3
         2
         2
         3
         2
         4
         3
         6
         1
         1
         6
         2
         1
         2
         3
         3
         5
         2
         4
         2
         2
         2
         2
         2
         5
         2
         1
         2
         0
         3
         3
         1
         2
         0
         4
         3
         0
         1
         0
         1
         4
         2
         1
         6
         3
         1
         2
         2
         1
         2
         1
         1
         1
         2
         0
         1
         1
         2
         1
         4
         4
         2
         1
         1
         1
         3
         3
         5
         0
         1
         1
         3
         3
         0
         3
         3
         0
         1
         3
         1
         2
         3
         3
         2
         0
         2
         2
         5
         2
         4
         5
         2
         3
         1
         6
         4
         2
         0
         3
         4
         0
         3
         3
         5
         3
         2
         2
         3
         0
         1
         2
         2
         0
         2
         0
         2
         2
         1
         2
         1
         2
         2
         2
         1
         0
         2
         7
         2
         1
         3
         3
         1
         0
         2
         2
         2
         3
         4
         2
         1
         4
         1
         1
         0
         2
         3
         1
         0
         1
         1
         1
         2
         2
         1
         1
         2
         2
         2
         2
         0
         1
         2
         0
         2
         1
         2
         3
         2
         0
         1
         1
         1
         0
         2
         1
         1
         1
         0
         0
         1
         2
         0
         4
         1
         0
         2
         2
         1
         6
         2
         2
         2
         0
         0
         1
         3
         1
         1
         3
         1
         2
         4
         2
         5
         1
         2
         5
         2
         2
         2
         2
         1
         2
         2
         2
         1
         0
         2
         1
         0
         4
         3
         0
         3
         4
         1
         2
         0
         0
         7
         1
         4
         2
         1
         1
         2
         1
         0
         0
         1
         2
         4
         0
         3
         0
         0
         1
         1
         3
         1
         3
         0
         1
         1
         0
         0
         1
         2
         0
         1
         2
         1
         1
         2
         1
         3
         0
         0
         4
         2
         0
         1
         0
         2
         2
         0
         2
         2
         2
         2
         1
         1
         0
         2
         1
         2
         3
         3
         3
         1
         3
         2
         1
         0
         1
         2
         3
         1
         2
         1
         1
         0
         1
         1
         4
         1
         0
         2
         2
         2
         0
         1
         0
         2
         2
         1
         0
         0
         0
         1
         0
         1
         1
         0
         1
         1
         1
         2
         1
         0
         2
         1
         0
         0
         1
         1
         0
         2
         3
         1
         0
         0
         0
         1
         2
         0
         0
         0
         3
         1
         2
         0
         0
         2
         1
         1
         2
         0
         0
         2
         2
         3
         0
         0
         0
         1
         1
         0
         0
         1
         2
         3
         2
         3
         2
         0
         3
         2
         2
         3
         4
         3
         1
         1
         0
         3
         2
         2
         0
         2
         1
         1
         0
         1
         0
         2
         2
         3
         1
         3
         1
         1
         0
         2
         0
         2
         0
         0
         1
         1
         2
         4
         0
         2
         2
         0
         1
         2
         3
         1
         1
         2
         0
         0
         2
         2
         2
         1
         2
         1
         1
         2
         1
         1
         0
         1
         1
         4
         0
         1
         0
         0
         1
         0
         0
         1
         0
         3
         1
         4
         0
         4
         2
         2
         1
         1
         2
         0
         2
         0
         1
         1
         2
         0
         3
         1
         2
         1
         0
         3
         2
         2
         1
         1
         3
         0
         0
         1
         1
         2
         3
         0
         0
         0
         2
         2
         1
         1
         0
         1
         0
         2
         1
         1
         0
         2
         3
         1
         2
         2
         0
         3
         0
         1
         0
         0
         2
         0
         3
         1
         0
         2
         0
         2
         0
         1
         0
         2
         1
         1
         0
         1
         0
         0
         0
         3
         3
         0
         3
         2
         1
         0
         0
         1
         1
         2
         1
         2
         2
         1
         1
         2
         0
         2
         1
         0
         0
         2
         1
         3
         0
         1
         0
         0
         3
         1
         2
         1
         1
         3
         2
         2
         1
         1
         3
         1
         1
         1
         2
         1
         2
         3
         7
         0
         0
         1
         0
         0
         2
         1
         1
         1
         0
         0
         3
         1
         1
         1
         3
         3
         2
         1
         2
         1
         4
         2
         2
         1
         4
         1
         2
         2
         0
         3
         3
         1
         1
         1
         1
         0
         1
         1
         0
         0
         2
         1
         2
         0
         1
         0
         1
         0
         0
         0
         0
         0
         1
         1
         1
         0
         2
         0
         0
         0
         2
         0
         0
         2
         0
         2
         0
         2
         2
         0
         0
         0
         2
         0
         1
         4
         2
         1
         2
         1
         1
         4
         0
         4
         2
         2
         1
         1
         2
         0
         2
         0
         0
         0
         1
         1
         0
         0
         1
         0
         2
         0
         0
         0
         1
         0
         0
         3
         1
         0
         1
         0
         2
         2
         0
         4
         1
         1
         2
         1
         1
         0
         0
         0
         0
         2
         1
         1
         1
         2
         2
         1
         2
         1
         3
         1
         0
         2
         0
         0
         1
         0
         2
         0
         2
         1
         1
         1
         2
         1
         0
         0
         2
         1
         0
         1
         2
         0
         0
         1
         4
         1
         0
         1
         2
         1
         2
         2
         3
         1
         1
         2
         1
         0
         2
         0
         1
         5
         3
         2
         0
         0
         0
         2
         1
         0
         3
         0
         1
         0
         3
         0
         1
         3
         1
         2
         2
         1
         0
         1
         0
         2
         0
         0
         1
         1
         3
         1
         2
         1
         2
         1
         0
         2
         1
         2
         4
         2
         1
         0
         1
         3
         1
         3
         3
         3
         1
         1
         2
         1
         2
         2
         0
         0
         1
         3
         1
         1
         1
         1
         1
         3
         1
         1
         1
         2
         2
         1
         0
         1
         1
         0
         0
         2
         2
         3
         0
         0
         2
         1
         0
         1
         0
         0
         3
         1
         1
         1
         0
         3
         1
         0
         1
         3
         0
         2
         1
         1
         0
         1
         2
         0
         1
         1
         3
         4
         0
         0
         1
         0
         2
         2
         3
         3
         1
         2
         1
         1
         1
         1
         1
         4
         2
         1
         2
         3
         1
         0
         1
         3
         1
         1
         2
         1
         0
         3
         2
         2
         1
         1
         2
         2
         0
         1
         3
         2
         1
         0
         1
         3
         2
         0
         0
         2
         1
         1
         0
         0
         0
         2
         1
         1
         2
         3
         1
         0
         2
         0
         0
         1
         2
         0
         0
         1
         1
         2
         1
         0
         1
         1
         2
         1
         0
         1
         1
         1
         2
         2
         0
         1
         1
         1
         1
         2
         0
         0
         2
         1
         2
         1
         0
         2
         0
         2
         2
         1
         0
         1
         5
         1
         4
         0
         0
         0
         2
         2
         0
         1
         2
         1
         0
         0
         1
         2
         0
         2
         2
         1
         2
         0
         2
         2
         0
         1
         0
         1
         0
         0
         0
         0
         2
         2
         1
         1
         1
         0
         1
         0
         1
         1
         2
         1
         0
         2
         1
         1
         2
         0
         0
         3
         0
         0
         0
         0
         1
         1
         2
         0
         2
         1
         2
         0
         0
         1
         0
         2
         2
         0
         0
         2
         0
         1
         0
         0
         3
         1
         1
         2
         1
         1
         2
         0
         1
         0
         2
         0
         1
         0
         1
         0
         1
         2
         0
         1
         3
         1
         0
         1
         0
         0
         5
         1
         0
         2
         1
         2
         1
         1
         2
         1
         1
         0
         0
         2
         2
         1
         2
         1
         1
         0
         2
         0
         1
         6
         1
         0
         2
         1
         0
         3
         2
         1
         1
         1
         1
         2
         1
         2
         0
         0
         0
         0
         1
         3
         1
         1
         1
         2
         0
         2
         1
         1
         2
         0
         1
         0
         0
         1
         0
         0
         2
         1
         2
         1
         2
         1
         1
         3
         1
         2
         2
         0
         2
         0
         1
         1
         1
         1
         2
         1
         2
         1
         0
         1
         1
         0
         0
         1
         4
         4
         1
         0
         3
         0
         1
         1
         2
         1
         1
         1
         1
         2
         2
         3
         1
         0
         1
         0
         0
         0
         2
         1
         1
         0
         1
         2
         0
         0
         1
         4
         1
         1
         0
         1
         0
         0
         3
         1
         1
         1
         1
         0
         3
         1
         1
         1
         0
         0
         3
         0
         1
         0
         3
         0
         1
         3
         0
         1
         0
         0
         0
         2
         1
         2
         1
         0
         1
         1
         2
         1
         1
         1
         0
         0
         1
         0
         1
         0
         0
         1
         0
         1
         1
         1
         0
         0
         1
         0
         1
         2
         1
         1
         1
         3
         0
         0
         1
         2
         1
         3
         0
         0
         1
         3
         0
         2
         1
         0
         1
         3
         1
         0
         2
         3
         1
         1
         0
         1
         0
         1
         1
         0
         1
         0
         0
         0
         0
         2
         0
         2
         3
         1
         2
         2
         0
         1
         1
         4
         1
         1
         1
         1
         2
         0
         1
         1
         1
         1
         0
         0
         1
         0
         0
         3
         3
         1
         1
         2
         2
         2
         1
         2
         2
         1
         1
         1
         1
         1
         0
         0
         2
         0
         2
         2
         0
         3
         4
         3
         0
         2
         0
         0
         1
         2
         1
         1
         2
         1
         2
         1
         2
         0
         2
         1
         0
         1
         0
         2
         0
         0
         1
         2
         2
         4
         2
         1
         0
         1
         1
         0
         0
         1
         1
         2
         2
         1
         2
         1
         0
         1
         1
         2
         0
         1
         2
         1
         1
         1
         0
         2
         1
         3
         0
         1
         1
         1
         2
         2
         1
         1
         3
         0
         1
         2
         0
         3
         1
         1
         1
         2
         1
         1
         2
         3
         0
         3
         1
         3
         0
         1
         4
         0
         0
         0
         2
         1
         1
         3
         3
         0
         0
         1
         0
         1
         0
         1
         2
         1
         0
         0
         1
         2
         0
         1
         0
         0
         1
         2
         0
         0
         2
         2
         0
         1
         1
         2
         0
         0
         0
         0
         1
         1
         0
         0
         0
         1
         0
         2
         0
         1
         0
         0
         0
         1
         1
         2
         0
         0
         1
         0
         0
         0
         0
         1
         1
         2
         0
         0
         1
         2
         2
         2
         2
         0
         1
         1
         2
         0
         0
         0
         1
         1
         3
         0
         0
         1
         1
         5
         0
         0
         0
         0
         0
         0
         0
         3
         0
         0
         0
         0
         2
         0
         2
         0
         3
         2
         0
         1
         2
         0
         2
         0
         3
         1
         1
         0
         0
         1
         1
         1
         2
         0
         0
         1
         1
         1
         3
         1
         2
         5
         0
         0
         1
         1
         2
         2
         0
         0
         1
         2
         0
         2
         1
         1
         3
         1
         2
         2
         1
         0
         0
         3
         2
         1
         1
         3
         0
         1
         0
         1
         1
         2
         0
         1
         0
         0
         1
         2
         2
         2
         0
         0
         1
         2
         0
         1
         0
         2
         0
         2
         3
         2
         0
         0
         0
         0
         2
         0
         0
         1
         0
         2
         0
         0
         1
         1
         1
         2
         1
         1
         6
         1
         1
         0
         1
         2
         2
         0
         0
         1
         1
         0
         0
         2
         1
         1
         0
         0
         2
         0
         0
         1
         2
         2
         0
         1
         0
         0
         2
         0
         1
         0
         2
         2
         2
         0
         1
         0
         1
         1
         2
         3
         0
         2
         0
         1
         1
         1
         0
         1
         0
         1
         1
         1
         1
         0
         2
         0
         0
         1
         2
         0
         4
         1
         1
         0
         0
         0
         2
         0
         2
         0
         1
         0
         2
         3
         3
         1
         1
         1
         1
         1
         0
         2
         1
         1
         4
         0
         1
         2
         0
         1
         0
         1
         1
         0
         2
         1
         1
         1
         0
         0
         1
         2
         1
         0
         1
         2
         2
         1
         2
         0
         2
         2
         2
         0
         2
         3
         0
         1
         1
         2
         2
         0
         1
         2
         1
         1
         2
         0
         0
         0
         0
         0
         0
         0
         1
         2
         2
         1
         0
         0
         0
         0
         1
         2
         3
         0
         1
         2
         2
         0
         0
         0
         1
         3
         2
         1
         0
         1
         1
         0
         3
         0
         0
         0
         0
         3
         0
         1
         0
         3
         2
         2
         0
         2
         1
         2
         0
         2
         1
         2
         1
         1
         0
         1
         1
         0
         0
         2
         3
         1
         0
         1
         0
         0
         2
         1
         1
         1
         0
         0
         0
         0
         0
         0
         0
         0
         0
         0
         0
         0
         0
         0
         0
         0
         0
         0
         0
         0
         0
         0
         0
         0
         0
        0
        0
        0
        0
       0
       0
      0
     0
     0
     0
     0
     0
     0
     0
     0
         0
         0
         0
         0
