C:\Documents and Settings\studenti\Desktop\dede\20_12_2016.txt

DATE:
9/10/2016
TIME:
597600.0 597600.2
DATA:
0 4096
         0
         2
         1
         0
         2
         1
         0
         0
         0
         0
         0
         1
         0
         0
         0
         0
         0
         0
         0
         0
         0
         0
         0
         0
         0
         0
         0
         0
         0
         0
         0
         0
         0
         0
         0
         0
         0
         0
         0
         0
         0
         0
         0
         0
         0
         0
         0
         0
         0
         0
         0
         0
         0
         0
         0
         0
         0
         0
         0
         0
         0
         0
         0
         0
         0
         0
         0
         0
         0
         0
         0
         0
         0
         0
         0
         0
         0
         0
         0
         0
         0
         0
         0
         0
         0
         0
         0
         0
         0
         0
         0
         0
         0
         0
         0
         0
         0
         0
         0
         0
         0
         0
         0
         0
         0
         0
         0
         0
         0
         0
         0
         0
         0
         0
         0
         0
         0
         0
         0
         0
         0
         0
         0
         0
         0
         0
         0
         0
         0
         0
         0
         0
         0
         0
         0
         0
         0
         0
         0
         0
         0
         0
         0
         0
         0
         0
         0
         0
         0
         0
         0
         5
        44
        29
         0
         0
         0
         0
         0
         0
         0
         0
         0
         0
         0
         1
        18
       129
       225
       205
       200
       210
       224
       198
       192
       243
       200
       213
       221
       230
       229
       199
       182
       195
       196
       202
       200
       208
       222
       210
       199
       205
       204
       212
       188
       195
       219
       170
       199
       207
       168
       215
       215
       195
       187
       199
       214
       199
       187
       198
       190
       177
       178
       174
       180
       198
       169
       162
       206
       175
       179
       195
       184
       188
       189
       177
       164
       178
       202
       191
       185
       157
       158
       183
       187
       185
       166
       194
       164
       181
       172
       190
       155
       153
       165
       159
       164
       165
       154
       168
       178
       155
       157
       173
       162
       167
       163
       182
       158
       172
       161
       177
       170
       165
       159
       169
       164
       161
       160
       179
       166
       146
       156
       129
       145
       150
       158
       147
       155
       143
       128
       147
       138
       155
       137
       165
       137
       142
       131
       136
       164
       145
       149
       115
       158
       156
       139
       150
       145
       145
       135
       137
       141
       149
       136
       151
       126
       142
       131
       147
       152
       124
       139
       143
       149
       115
       130
       133
       145
       128
       142
       115
       136
       135
       129
       117
       124
       111
       142
       129
       138
       135
       128
       127
       117
       131
       125
       109
       130
       137
       125
       123
       135
        96
       123
        96
       117
       117
        97
       102
       120
       105
       121
       141
       119
       109
       111
       123
       101
       119
       128
       104
       126
       108
       102
        87
       105
       108
       111
       129
       116
        90
       124
       131
       110
       127
       111
       104
        96
       107
       125
       101
       102
       103
       120
       104
        97
       105
       115
       102
        98
        83
       103
       123
       119
        88
       104
       111
       100
       109
        92
        90
        98
        96
       111
        99
       110
       109
       113
        92
       100
        84
       100
       108
        91
       104
        94
       101
       116
       116
        82
        96
       101
        95
       108
       105
        83
       109
        90
        91
       114
        90
       106
       100
        92
        88
        94
        87
        84
        88
        84
        93
       114
        94
        80
        84
        79
        88
        98
        93
       110
        83
        88
        96
        88
       100
        84
        92
        97
        73
       102
        79
        85
        86
        85
        89
        69
        71
       110
        81
        74
        79
        80
        72
        94
        69
        75
        81
        73
        81
        75
        96
        90
        81
        87
        86
        83
        77
        67
        88
        68
        78
        86
        95
        71
        85
       104
        78
        74
        80
        88
        64
        81
        77
        88
        86
        81
        79
        51
        87
        85
        85
        78
        81
        83
        81
        71
        84
        72
        89
        59
        59
        74
        75
        66
        92
        68
        79
        83
        61
        55
        55
        88
        78
        85
        74
        66
        64
        64
        78
        62
        74
        55
        57
        71
        68
        64
        78
        76
        69
        65
        56
        63
        66
        84
        59
        63
        85
        60
        71
        66
        66
        51
        59
        84
        62
        65
        65
        56
        72
        64
        65
        66
        74
        67
        68
        69
        49
        69
        51
        58
        59
        70
        66
        60
        64
        67
        57
        58
        63
        53
        56
        54
        53
        63
        54
        63
        61
        68
        70
        58
        48
        62
        59
        63
        65
        50
        41
        62
        55
        61
        60
        47
        52
        69
        49
        47
        50
        38
        50
        65
        59
        54
        57
        60
        59
        64
        49
        68
        59
        61
        51
        57
        69
        40
        62
        58
        42
        65
        58
        55
        43
        55
        57
        57
        55
        49
        67
        59
        58
        52
        42
        60
        54
        51
        38
        48
        62
        51
        59
        41
        57
        57
        52
        56
        54
        52
        55
        71
        43
        47
        50
        48
        54
        33
        51
        57
        55
        45
        54
        56
        57
        42
        34
        48
        41
        57
        60
        41
        43
        62
        48
        50
        54
        52
        51
        54
        47
        35
        52
        43
        60
        36
        44
        23
        45
        49
        49
        44
        36
        42
        45
        47
        44
        57
        47
        49
        44
        56
        40
        39
        52
        44
        48
        48
        57
        39
        55
        41
        47
        36
        39
        30
        49
        43
        30
        46
        53
        46
        39
        37
        48
        38
        40
        35
        38
        31
        39
        48
        36
        53
        32
        57
        39
        42
        47
        40
        41
        35
        37
        34
        31
        40
        43
        44
        33
        27
        43
        34
        35
        44
        34
        48
        35
        39
        40
        35
        45
        34
        38
        46
        33
        35
        45
        46
        42
        25
        27
        32
        38
        32
        36
        28
        33
        37
        32
        43
        35
        44
        39
        32
        37
        29
        33
        33
        39
        34
        34
        28
        36
        44
        34
        32
        39
        23
        31
        38
        32
        31
        29
        42
        27
        32
        32
        29
        44
        33
        34
        30
        32
        27
        45
        33
        29
        29
        34
        38
        28
        32
        38
        31
        38
        28
        40
        32
        40
        26
        47
        29
        26
        30
        34
        34
        36
        27
        41
        35
        22
        23
        29
        28
        34
        32
        21
        34
        29
        32
        30
        27
        22
        30
        36
        31
        30
        32
        33
        20
        29
        25
        33
        31
        25
        23
        24
        25
        24
        32
        29
        33
        31
        28
        37
        31
        33
        33
        30
        30
        24
        24
        30
        22
        19
        23
        20
        32
        22
        23
        24
        26
        18
        26
        39
        30
        21
        27
        31
        35
        19
        32
        29
        27
        32
        29
        25
        28
        18
        22
        35
        21
        29
        15
        28
        26
        20
        23
        26
        24
        29
        35
        30
        27
        20
        37
        36
        26
        28
        22
        27
        28
        32
        20
        17
        14
        28
        27
        30
        25
        26
        23
        23
        27
        23
        22
        28
        29
        18
        18
        26
        24
        24
        24
        30
        22
        29
        17
        22
        21
        26
        20
        26
        22
        22
        30
        26
        17
        23
        29
        23
        23
        19
        19
        20
        22
        19
        17
        22
        19
        28
        23
        19
        31
        19
        27
        18
        20
        18
        14
        28
        29
        29
        15
        20
        17
        16
        19
        25
        33
        16
        15
        19
        14
        19
        18
        27
        19
        23
        21
        20
        17
        21
        20
        21
        21
        19
        18
        19
        24
        20
        27
        18
        30
        21
        19
        19
        25
        17
        17
        20
        24
        23
        20
        13
        21
        19
        18
        22
        22
        19
        25
        20
        20
        17
        22
        17
        22
        23
        17
        22
        24
        13
        21
        28
        16
        12
        16
        18
        18
        11
        16
        11
        19
        10
        18
        17
        21
        16
        16
        18
        13
         9
        20
        18
        15
        13
        13
        13
        26
        13
        18
        15
        15
        19
        14
        27
        14
        15
        15
        13
        18
        16
        17
        21
        20
        23
        28
        17
        20
        22
        13
        14
        13
        21
         9
        19
        18
        20
        14
        18
        17
        20
        20
        20
        21
        20
        16
        11
        19
        13
        12
        15
        19
        18
        16
        16
        17
        11
         9
        14
        25
        17
        14
        17
        18
        16
        13
        11
        20
        18
        17
        18
        14
        15
        21
        20
        20
         8
        12
        17
        13
        13
        19
        14
        16
        15
        12
        21
        11
        14
        13
         7
        13
        12
        11
        14
        12
        17
        12
         9
        17
        16
        17
        15
        17
        10
        14
        18
         8
        19
        18
        14
        15
        12
        14
        10
        16
        16
        12
        16
        20
        14
        21
        12
        13
        11
        15
        20
        14
        17
        15
        12
        12
        15
        22
        17
        13
        10
        14
        20
        19
        14
        15
        14
         8
        15
         8
        19
        10
        19
        18
        13
        13
         8
        12
        17
        10
        11
        11
        17
         5
        18
        13
        10
        14
         9
        17
        10
        17
        12
        15
        11
        15
        14
        10
         9
        13
        10
        18
        16
        10
         4
         6
        11
        13
        17
        13
        12
         8
        12
        11
         6
        12
        10
         8
         8
        12
        20
        15
        13
        14
         6
        10
        10
         8
        18
         6
         6
         9
        16
         8
         8
         9
        15
         7
        12
        13
         9
        14
        13
        12
        13
         9
        10
        12
        11
         8
        12
         9
        13
         5
         9
         6
        11
        12
        12
        13
        11
        11
         7
        10
         8
        15
         9
        12
         7
        10
        12
         7
         8
         5
         6
         7
         6
        15
        13
        10
         6
         3
         8
         8
        11
         6
        11
        14
         7
         7
         9
         7
        10
        15
        14
         9
        12
        10
        12
        10
        14
         4
         9
        11
         4
         8
        14
         6
         7
         9
         8
         8
         6
        10
         9
        17
         9
         9
        10
         9
        11
         6
        10
         9
        10
         8
         8
        12
         6
         7
        10
        10
        13
        11
         9
        12
         7
         6
         7
         7
         8
        11
        12
         3
         7
        11
         5
         9
         4
        14
         8
         7
        12
        17
        13
         6
         8
        13
        10
         9
         8
         8
         7
         9
         9
         8
        11
        11
         6
         5
         5
         5
         8
         9
        10
         9
        16
        13
         3
         6
         4
        12
        11
        11
         6
         7
         5
         5
         4
        11
         8
        11
        11
         6
         7
        10
         6
         7
         9
         4
         8
         5
         9
         2
        10
         7
         4
         9
        11
        11
         8
         8
         8
         7
         9
         4
        10
         8
         6
        12
         6
         8
         6
        10
         9
         5
         6
         8
         5
         7
         4
         7
        11
        12
         6
         6
         5
         6
         3
        10
         8
         4
         7
         6
         6
        11
         7
         5
         4
         4
         4
         5
         8
         9
         5
        10
         7
         6
         5
         6
         4
        10
         7
         8
         3
         4
         7
         8
         4
         5
        10
         8
         3
         2
         5
         7
         7
         5
        10
         3
         8
         2
         8
         6
        12
         9
         7
         6
        12
         7
         8
         4
        11
         8
         3
         6
         7
         6
         5
        11
         7
         6
        10
         6
         2
        11
         5
         8
         8
         8
         6
         3
         7
         6
         8
         9
         2
        10
        10
        12
         4
         5
         9
        11
         1
         7
         5
         6
         6
         5
         5
         6
         7
         6
         8
         6
         1
         6
         5
         3
         2
         6
         8
         8
         8
         3
         5
         7
         6
         6
         4
         5
         8
         6
         3
         8
         4
         5
         6
         9
         6
         9
         3
         7
         3
         1
         7
         4
        11
         5
         9
         6
        11
         5
        10
         5
         9
         6
         7
         6
         4
         8
         3
         5
         3
         5
         5
         3
         7
         7
         6
         6
        10
        10
         5
         5
         2
         9
         8
         6
         5
         4
         5
         2
         3
         2
         7
         3
         5
         9
         4
         4
         4
         0
         9
         5
         7
         9
         3
         4
         3
         7
         2
         6
         4
         3
         6
         4
         4
        11
         4
         5
         4
         2
         6
         8
         5
         9
         5
         5
         3
         4
         6
         5
         8
         9
         4
         5
         0
         2
         7
         3
         4
         4
         5
         2
         4
         2
         6
         1
         4
         3
         4
         5
         4
         4
         5
         7
         5
         4
         5
         6
         4
         2
         7
         5
         8
         7
         3
         9
         4
         5
         7
         9
         2
         1
         2
         5
         5
         3
         4
         1
         5
         4
         2
         5
         5
         4
         6
         4
         2
         9
         3
         3
         4
         5
         4
         6
         2
         5
         2
         5
         4
         1
         5
         3
         7
         2
         9
         2
         6
         7
         5
         2
         6
         4
         6
         6
         3
         5
         1
         7
         4
         8
         5
         5
         6
         4
         1
         4
         8
         7
         2
         3
         3
         3
         5
         1
         4
         2
         7
         6
         2
         4
         4
         1
         4
         7
         1
         1
         3
         3
         3
         6
         2
         5
         4
         2
         8
         6
         3
         8
         1
         7
         3
         4
         7
         3
         5
         3
         3
         4
         2
         4
         2
         3
         6
         3
         5
         2
         6
         4
         2
         1
         4
         6
         3
         2
         3
         2
         3
         4
         4
         4
         6
         0
         6
         1
         3
         3
         3
         3
         5
         5
         1
         2
         4
         6
         0
         2
         4
         3
         5
         2
         2
         2
         5
         4
         3
         2
         0
         5
         1
         5
         4
         3
         6
         3
         3
         3
         4
         5
         3
         1
         3
         0
         6
         2
         5
         5
         4
         3
         2
         2
         4
         2
         6
         3
         2
         4
         1
         3
         3
         3
         4
         3
         2
         5
         3
         4
         1
         2
         4
         2
         2
         2
         8
         2
         1
         1
         3
         3
         1
         4
         2
         3
         2
         6
         4
         3
         5
         3
         3
         3
         0
         4
         2
         3
         1
         9
         4
         3
         3
         3
         5
         3
         1
         3
         1
         4
         6
         4
         2
         2
         2
         4
         3
         3
         2
         0
         4
         2
         2
         4
         1
         0
         8
         9
         1
         2
         2
         2
         5
         1
         4
         3
         5
         3
         3
         2
         1
         1
         4
         4
         6
         0
         2
         2
         7
         5
         3
         1
         4
         2
         3
         3
         1
         3
         0
         1
         5
         1
         1
         3
         5
         3
         1
         1
         4
         3
         3
         3
         0
         4
         3
         1
         3
         3
         1
         3
         2
         1
         4
         2
         4
         3
         6
         3
         3
         2
         6
         0
         3
         3
         2
         5
         0
         1
         2
         3
         2
         5
         1
         5
         2
         5
         0
         2
         5
         1
         1
         5
         2
         5
         4
         4
         4
         1
         3
         1
         3
         0
         2
         3
         2
         2
         1
         3
         2
         3
         3
         0
         2
         4
         1
         3
         1
         0
         2
         6
         4
         3
         4
         1
         5
         2
         1
         1
         3
         3
         3
         4
         2
         2
         2
         3
         2
         3
         3
         4
         3
         3
         3
         5
         3
         7
         1
         2
         0
         5
         3
         2
         2
         0
         2
         2
         3
         2
         2
         1
         2
         3
         1
         4
         2
         7
         3
         2
         3
         4
         0
         6
         2
         3
         2
         1
         2
         2
         0
         1
         1
         2
         6
         5
         2
         1
         4
         2
         1
         1
         3
         2
         1
         2
         4
         2
         0
         0
         4
         4
         1
         1
         2
         2
         1
         0
         3
         1
         0
         6
         1
         1
         0
         1
         3
         5
         3
         4
         2
         2
         1
         4
         4
         2
         3
         2
         2
         0
         3
         3
         5
         2
         2
         2
         1
         3
         2
         3
         2
         2
         0
         2
         1
         2
         0
         2
         2
         2
         0
         2
         3
         4
         1
         3
         1
         1
         1
         5
         4
         2
         0
         2
         4
         3
         0
         3
         1
         1
         2
         1
         0
         2
         5
         0
         3
         4
         2
         3
         2
         0
         2
         3
         4
         1
         1
         1
         3
         4
         0
         2
         2
         4
         3
         2
         1
         3
         3
         1
         3
         2
         1
         2
         2
         1
         2
         2
         4
         3
         3
         1
         3
         1
         2
         1
         1
         2
         1
         1
         1
         1
         1
         1
         2
         1
         0
         3
         4
         1
         2
         1
         4
         0
         1
         1
         1
         0
         4
         2
         1
         0
         7
         1
         1
         3
         2
         5
         3
         4
         3
         4
         3
         3
         1
         1
         3
         5
         3
         2
         1
         3
         3
         2
         2
         0
         0
         0
         2
         2
         2
         3
         1
         1
         4
         3
         1
         1
         3
         4
         3
         1
         1
         3
         3
         0
         3
         2
         2
         4
         1
         1
         1
         1
         3
         4
         1
         3
         2
         2
         2
         2
         1
         3
         2
         0
         1
         1
         1
         2
         1
         2
         0
         2
         1
         5
         3
         2
         0
         1
         3
         2
         2
         2
         3
         0
         1
         2
         4
         2
         2
         0
         5
         1
         4
         3
         2
         0
         4
         1
         3
         4
         1
         2
         1
         1
         1
         0
         2
         1
         1
         0
         2
         3
         0
         4
         4
         1
         0
         1
         1
         2
         4
         1
         1
         2
         1
         4
         1
         4
         2
         1
         1
         1
         0
         3
         2
         1
         3
         0
         3
         2
         2
         1
         2
         1
         0
         1
         2
         2
         0
         1
         2
         2
         0
         3
         3
         4
         2
         3
         2
         1
         0
         2
         2
         1
         3
         4
         1
         1
         1
         0
         2
         2
         0
         2
         1
         1
         0
         0
         4
         1
         1
         0
         0
         2
         0
         0
         1
         3
         3
         3
         1
         1
         2
         1
         1
         2
         3
         2
         2
         5
         1
         3
         0
         3
         2
         1
         2
         0
         4
         1
         1
         2
         0
         1
         0
         3
         2
         2
         1
         1
         1
         2
         1
         2
         6
         3
         1
         2
         3
         3
         0
         1
         2
         3
         2
         3
         1
         0
         1
         3
         0
         4
         2
         1
         1
         0
         0
         2
         0
         0
         2
         2
         0
         1
         3
         0
         4
         0
         4
         1
         2
         2
         2
         1
         4
         2
         2
         2
         2
         0
         0
         0
         2
         2
         1
         0
         1
         0
         1
         1
         1
         2
         0
         2
         1
         2
         1
         0
         1
         1
         2
         2
         3
         2
         1
         3
         2
         4
         2
         2
         1
         0
         2
         1
         1
         0
         1
         2
         2
         2
         2
         1
         0
         1
         0
         4
         2
         1
         1
         1
         3
         0
         0
         0
         0
         2
         2
         1
         0
         0
         2
         1
         1
         0
         4
         0
         1
         0
         0
         1
         1
         0
         2
         0
         2
         1
         2
         1
         1
         2
         1
         1
         1
         0
         2
         1
         3
         1
         1
         0
         2
         0
         1
         0
         1
         1
         0
         0
         0
         0
         1
         4
         1
         1
         3
         2
         0
         0
         1
         1
         3
         0
         1
         2
         0
         2
         2
         0
         0
         1
         2
         0
         0
         2
         2
         3
         1
         0
         2
         1
         4
         2
         4
         0
         2
         0
         1
         4
         2
         1
         3
         0
         2
         1
         2
         1
         2
         0
         2
         2
         0
         3
         1
         2
         1
         0
         2
         1
         3
         1
         1
         2
         1
         1
         0
         2
         2
         2
         1
         1
         2
         3
         2
         1
         1
         2
         0
         1
         0
         2
         1
         2
         0
         0
         4
         2
         1
         1
         0
         0
         3
         3
         2
         2
         2
         2
         2
         2
         0
         1
         2
         2
         1
         4
         5
         1
         0
         3
         1
         1
         2
         2
         1
         4
         2
         2
         2
         0
         1
         3
         1
         3
         0
         0
         1
         1
         2
         0
         0
         0
         3
         0
         3
         2
         2
         2
         1
         2
         0
         0
         2
         2
         1
         1
         1
         3
         0
         1
         1
         1
         1
         1
         3
         1
         0
         0
         2
         0
         1
         0
         1
         3
         1
         3
         3
         0
         0
         3
         0
         0
         1
         0
         2
         1
         3
         0
         0
         1
         3
         2
         2
         0
         0
         2
         1
         1
         0
         1
         4
         3
         0
         1
         1
         2
         0
         2
         2
         1
         1
         1
         2
         1
         1
         2
         3
         3
         1
         1
         0
         2
         0
         3
         1
         1
         1
         0
         1
         1
         2
         1
         2
         2
         3
         0
         3
         0
         0
         0
         0
         3
         1
         1
         0
         0
         1
         2
         1
         2
         0
         0
         1
         0
         1
         0
         2
         0
         1
         0
         1
         0
         1
         2
         1
         0
         0
         1
         0
         1
         2
         0
         0
         0
         1
         1
         2
         0
         0
         2
         4
         3
         1
         1
         2
         0
         1
         1
         4
         2
         2
         3
         2
         3
         1
         2
         2
         0
         0
         1
         0
         0
         2
         1
         2
         1
         3
         2
         0
         1
         0
         0
         0
         1
         0
         0
         1
         2
         0
         1
         0
         0
         0
         3
         1
         0
         0
         0
         0
         1
         0
         1
         4
         2
         1
         3
         2
         1
         3
         0
         1
         3
         1
         0
         2
         0
         0
         4
         1
         2
         1
         0
         0
         2
         2
         1
         1
         1
         0
         1
         2
         3
         1
         0
         1
         1
         2
         1
         0
         0
         2
         2
         0
         2
         1
         1
         1
         1
         0
         2
         2
         1
         1
         2
         3
         2
         0
         0
         1
         1
         0
         0
         1
         1
         0
         2
         5
         1
         2
         3
         1
         1
         1
         0
         0
         0
         0
         0
         1
         2
         0
         2
         0
         0
         1
         1
         2
         1
         0
         1
         0
         2
         2
         1
         2
         0
         2
         1
         2
         3
         0
         2
         0
         2
         3
         0
         3
         0
         1
         0
         0
         0
         1
         1
         1
         3
         1
         1
         0
         0
         1
         1
         1
         1
         0
         1
         1
         2
         1
         1
         1
         3
         1
         0
         2
         1
         1
         0
         2
         3
         0
         0
         1
         2
         0
         2
         2
         0
         1
         2
         1
         0
         3
         1
         0
         2
         2
         1
         1
         1
         1
         0
         3
         0
         1
         3
         2
         1
         1
         0
         1
         0
         0
         0
         1
         0
         1
         1
         0
         0
         0
         0
         0
         1
         1
         1
         0
         2
         1
         1
         1
         3
         1
         0
         2
         0
         0
         5
         0
         1
         0
         1
         0
         0
         1
         1
         0
         3
         1
         1
         0
         0
         3
         2
         0
         1
         2
         0
         1
         2
         1
         0
         1
         0
         0
         0
         4
         0
         0
         2
         0
         1
         2
         1
         3
         1
         0
         0
         1
         0
         2
         1
         1
         1
         0
         4
         3
         1
         1
         1
         1
         2
         0
         1
         2
         2
         1
         3
         0
         1
         0
         0
         1
         0
         0
         1
         0
         2
         0
         0
         1
         0
         3
         2
         1
         1
         1
         2
         1
         0
         1
         2
         2
         1
         3
         1
         0
         1
         0
         0
         1
         0
         1
         1
         0
         2
         1
         2
         0
         5
         2
         0
         1
         1
         2
         0
         3
         0
         2
         2
         1
         0
         0
         2
         2
         1
         5
         0
         3
         0
         0
         2
         0
         0
         1
         1
         3
         0
         2
         4
         0
         2
         1
         0
         1
         0
         1
         2
         0
         1
         2
         0
         1
         1
         1
         1
         1
         0
         1
         1
         0
         1
         0
         1
         0
         1
         1
         1
         1
         0
         0
         2
         1
         0
         0
         0
         1
         1
         1
         1
         0
         0
         3
         0
         2
         2
         1
         1
         0
         0
         5
         0
         3
         0
         0
         1
         0
         1
         1
         0
         1
         2
         0
         1
         1
         1
         1
         0
         0
         1
         0
         1
         1
         0
         1
         0
         1
         1
         0
         2
         0
         1
         3
         2
         0
         0
         0
         0
         1
         3
         0
         1
         0
         1
         2
         2
         2
         1
         2
         1
         1
         0
         1
         1
         1
         2
         1
         1
         1
         0
         3
         1
         0
         1
         2
         1
         1
         3
         0
         1
         0
         0
         0
         1
         1
         3
         0
         0
         1
         1
         1
         1
         0
         1
         1
         0
         3
         1
         1
         0
         1
         1
         0
         2
         0
         0
         0
         1
         1
         2
         1
         1
         1
         0
         1
         1
         4
         0
         1
         3
         0
         1
         2
         2
         1
         0
         1
         2
         0
         1
         0
         2
         0
         1
         2
         1
         1
         0
         3
         0
         0
         1
         0
         3
         0
         3
         0
         2
         0
         2
         1
         2
         0
         0
         3
         0
         0
         2
         1
         0
         2
         1
         1
         2
         0
         1
         1
         0
         1
         2
         0
         0
         0
         0
         1
         0
         0
         0
         0
         0
         1
         2
         0
         0
         1
         0
         2
         1
         1
         1
         1
         0
         4
         2
         1
         1
         0
         2
         3
         1
         0
         1
         1
         0
         0
         0
         1
         1
         0
         3
         1
         1
         2
         1
         3
         1
         2
         2
         0
         1
         1
         0
         0
         0
         0
         1
         1
         0
         4
         1
         1
         1
         2
         1
         1
         1
         0
         3
         1
         0
         0
         0
         0
         2
         2
         1
         2
         0
         2
         1
         0
         1
         0
         0
         1
         3
         1
         2
         1
         0
         1
         3
         2
         1
         3
         0
         1
         2
         0
         0
         2
         0
         2
         0
         1
         3
         1
         1
         1
         1
         0
         3
         1
         3
         0
         1
         3
         0
         2
         0
         0
         2
         0
         1
         1
         0
         1
         0
         0
         0
         0
         0
         1
         0
         1
         2
         2
         1
         1
         2
         1
         4
         1
         0
         4
         0
         1
         3
         1
         1
         2
         0
         2
         1
         1
         3
         1
         4
         0
         3
         2
         1
         0
         2
         0
         1
         2
         3
         2
         0
         1
         0
         1
         1
         1
         0
         1
         0
         1
         0
         0
         0
         0
         3
         1
         2
         3
         1
         1
         1
         2
         0
         2
         1
         4
         0
         0
         1
         0
         2
         1
         2
         2
         0
         4
         2
         0
         2
         1
         1
         0
         2
         3
         0
         1
         0
         4
         1
         1
         1
         0
         1
         0
         0
         0
         0
         0
         1
         5
         2
         1
         0
         3
         1
         1
         0
         0
         0
         0
         2
         1
         1
         0
         4
         2
         1
         2
         1
         0
         0
         2
         1
         1
         2
         1
         0
         2
         2
         0
         1
         0
         3
         2
         1
         1
         2
         0
         1
         0
         1
         2
         2
         1
         1
         0
         1
         6
         1
         0
         2
         0
         2
         0
         0
         0
         0
         1
         0
         1
         3
         2
         0
         0
         0
         1
         1
         0
         1
         1
         0
         1
         4
         2
         2
         0
         2
         0
         2
         0
         0
         1
         2
         1
         3
         0
         1
         2
         2
         3
         1
         1
         0
         1
         0
         0
         1
         0
         1
         0
         1
         0
         1
         1
         3
         2
         0
         1
         1
         1
         0
         0
         1
         1
         1
         0
         2
         1
         1
         2
         0
         1
         1
         0
         1
         1
         1
         1
         0
         0
         0
         4
         3
         0
         2
         3
         2
         0
         0
         2
         0
         0
         2
         0
         2
         1
         1
         1
         1
         0
         0
         0
         1
         1
         2
         0
         0
         2
         0
         4
         2
         0
         2
         0
         0
         0
         3
         0
         2
         1
         0
         0
         1
         0
         1
         2
         2
         0
         2
         0
         0
         1
         0
         1
         1
         1
         2
         4
         1
         1
         1
         0
         0
         1
         1
         1
         1
         1
         1
         2
         1
         0
         1
         1
         0
         2
         2
         1
         2
         2
         0
         2
         1
         1
         2
         0
         1
         2
         0
         1
         0
         0
         2
         1
         1
         0
         3
         0
         0
         0
         1
         3
         1
         0
         0
         1
         0
         2
         0
         0
         1
         0
         0
         1
         1
         1
         0
         1
         0
         1
         0
         1
         1
         0
         1
         2
         1
         0
         1
         0
         1
         2
         0
         0
         1
         3
         0
         0
         0
         1
         0
         0
         0
         0
         0
         0
         0
         0
         0
         0
         0
         0
         0
         0
         0
         0
         0
         0
         0
         0
         0
         0
         0
         0
         0
         0
         0
   0 
    0
    0
    0
    0
    0
    0
    0
    0
    0
    0
     0
     0
         0
         0
         0
         0
