C:\Documents and Settings\studenti\Desktop\dede\22-11-2016.txt

DATE:
11/9/2016
TIME:
446552.7 446552.8
DATA:
0 4096
         0
         0
         0
         0
         0
         0
         0
         0
         0
         0
         0
         0
         0
         0
         0
         0
         0
         0
         0
         0
         0
         0
         0
         0
         0
         0
         0
         0
         0
         0
         0
         0
         0
         0
         0
         0
         0
         0
         0
         0
         0
         0
         0
         0
         0
         0
         0
         0
         0
         0
         0
         0
         0
         0
         0
         0
         0
         0
         0
         0
         0
         0
         0
         0
         0
         0
         0
         0
         0
         0
         0
         0
         0
         0
         0
         0
         0
         0
         0
         0
         0
         0
         0
         0
         0
         0
         0
         0
         0
         0
         0
         0
         0
         0
         0
         0
         0
         0
         0
         0
         0
         0
         0
         0
         0
         0
         0
         0
         0
         0
         0
         0
         0
         0
         0
         0
         0
         0
         0
         0
         0
         0
         0
         0
         0
         0
         0
         0
         0
         0
         0
         0
         0
         0
         0
         0
         0
         0
         0
         0
         0
         0
         0
         0
         0
         0
         0
         0
         0
         0
         0
         2
        30
        26
         0
         0
         0
         0
         0
         0
         0
         0
         1
         0
         0
         0
         5
        79
       155
       171
       170
       181
       170
       159
       161
       166
       165
       175
       154
       177
       162
       170
       151
       175
       156
       151
       182
       158
       164
       147
       169
       137
       151
       148
       146
       151
       160
       149
       147
       147
       155
       150
       174
       142
       174
       163
       178
       130
       163
       143
       154
       150
       142
       136
       156
       124
       133
       145
       139
       126
       154
       146
       134
       144
       144
       125
       140
       147
       126
       133
       137
       122
       135
       131
       144
       133
       104
       115
       111
       150
       113
       134
       118
       148
       126
       104
       125
       117
       134
       135
       132
       116
       126
       135
       116
       126
       120
       135
       111
       119
       127
       126
       123
       128
       130
       120
       129
       102
        95
       117
       118
       114
       111
       116
       102
        98
       132
       115
       128
       112
       104
       117
       116
       104
       121
       111
        85
       103
       102
       104
        91
        90
       118
       108
       110
       117
       106
        97
       123
        87
       103
       111
       117
       120
       115
       102
       107
        86
       102
       100
        93
        97
       101
        81
        91
        91
        93
       103
       105
        95
       111
       104
       109
       124
        84
        86
       107
       101
       106
        95
        81
        99
        84
        95
       110
       109
        98
       107
        83
       100
        93
       100
        92
        99
        96
        99
       102
        96
        89
       101
        95
        89
        87
        88
        69
        92
        97
        95
        79
        78
        97
        84
        81
       104
        78
        88
        71
        83
        77
        95
        86
        97
        84
        89
        88
        89
        75
        91
        70
        79
        93
        68
        76
        78
        85
        88
        99
        73
        77
        84
        71
        76
        87
        77
        85
        80
        72
        86
        85
        60
        84
        71
        83
        94
        87
        73
        88
        91
        67
        85
        68
        83
        64
        72
        59
        75
        70
        88
        73
        73
        68
        77
        71
        76
        63
        79
        80
        66
        63
        65
        77
        85
        71
        71
        65
        80
        67
        76
        69
        58
        68
        68
        64
        66
        68
        72
        55
        66
        67
        68
        75
        64
        71
        71
        62
        68
        65
        60
        74
        52
        77
        64
        60
        61
        82
        73
        57
        71
        63
        66
        72
        61
        83
        79
        66
        67
        50
        63
        81
        51
        73
        65
        69
        70
        54
        63
        66
        61
        62
        50
        60
        54
        61
        49
        51
        53
        74
        61
        65
        50
        65
        43
        56
        57
        64
        65
        73
        68
        46
        46
        53
        48
        63
        54
        70
        63
        56
        54
        57
        60
        63
        52
        50
        66
        61
        50
        51
        63
        62
        56
        54
        67
        50
        57
        44
        59
        44
        52
        51
        62
        55
        47
        52
        59
        66
        54
        49
        44
        50
        48
        49
        50
        46
        54
        60
        43
        60
        53
        47
        54
        58
        51
        52
        50
        51
        53
        59
        48
        46
        52
        53
        45
        44
        58
        45
        54
        39
        49
        57
        37
        58
        46
        45
        37
        50
        51
        45
        46
        51
        52
        36
        36
        39
        44
        52
        52
        44
        60
        41
        47
        38
        65
        36
        40
        46
        35
        45
        46
        44
        39
        46
        39
        56
        50
        37
        49
        35
        40
        36
        48
        39
        52
        43
        48
        39
        39
        36
        54
        37
        41
        33
        32
        45
        42
        36
        38
        35
        50
        39
        37
        43
        42
        45
        44
        34
        35
        45
        30
        45
        34
        51
        53
        27
        38
        48
        31
        45
        30
        39
        40
        34
        46
        30
        39
        30
        29
        42
        36
        35
        35
        42
        32
        33
        27
        31
        35
        33
        32
        54
        25
        31
        30
        43
        33
        30
        40
        34
        37
        34
        40
        33
        37
        46
        41
        34
        25
        32
        41
        40
        36
        35
        31
        40
        21
        35
        36
        36
        37
        36
        43
        35
        44
        41
        28
        41
        32
        23
        36
        22
        37
        25
        35
        25
        26
        35
        42
        38
        38
        22
        41
        29
        30
        27
        28
        28
        31
        40
        34
        28
        19
        29
        29
        27
        31
        25
        28
        38
        33
        30
        34
        30
        30
        36
        31
        27
        24
        32
        34
        28
        31
        29
        24
        37
        26
        22
        23
        32
        28
        26
        34
        28
        38
        25
        30
        28
        31
        25
        30
        31
        24
        24
        22
        19
        30
        32
        27
        27
        25
        31
        34
        25
        29
        37
        34
        27
        36
        25
        35
        28
        28
        34
        26
        37
        24
        21
        26
        20
        22
        27
        29
        25
        22
        37
        27
        28
        32
        30
        29
        27
        28
        30
        40
        29
        25
        27
        23
        28
        23
        29
        20
        26
        26
        28
        26
        24
        18
        31
        37
        25
        24
        22
        25
        29
        28
        33
        17
        20
        27
        19
        27
        31
        25
        18
        23
        21
        26
        26
        22
        26
        26
        34
        21
        26
        17
        32
        24
        14
        26
        24
        21
        23
        22
        24
        17
        29
        27
        25
        30
        27
        17
        31
        18
        11
        22
        17
        22
        26
        18
        23
        23
        15
        22
        12
        19
        20
        18
        19
        24
        18
        22
        35
        17
        22
        18
        18
        20
        22
        20
        19
        15
        26
        20
        14
        19
        19
        19
        26
        24
        21
        25
        19
        20
        14
        18
        22
        16
        20
        18
        25
        30
        14
        21
        21
        20
        14
        18
        21
        14
        23
        14
        21
        16
        22
        19
        17
        19
        23
        14
        15
        13
        31
        14
        19
        14
        15
        18
        15
        23
        20
        17
        19
        17
        13
        11
        24
        13
        22
        17
        18
         9
        19
        18
        18
        16
        15
        18
        19
        22
        17
        17
        17
        23
        11
        15
        18
        16
        18
        13
        12
        16
        17
        18
        18
        14
        20
        20
        19
        17
        20
        14
        17
        18
        12
        10
        15
        11
         5
        18
        15
         8
        12
        23
        17
        13
         9
        22
        18
        12
        21
        20
        24
        11
        11
        20
         8
        22
        14
        16
        15
         9
        21
        23
        19
        18
        14
        16
        26
        16
        13
        19
        14
        20
        17
        11
        10
        16
        13
        10
        15
         6
        18
        17
        11
        18
        16
        14
         9
        19
        16
         8
        16
        15
        10
        15
        16
        16
         9
         7
        13
        12
        14
        20
        19
        12
        18
         8
        15
        13
        11
        14
        13
        19
        14
        11
        10
        17
        20
        18
        19
        17
        14
        12
        15
        15
        19
        10
        13
        13
        16
        10
        10
         9
        12
        11
        15
        20
        11
         9
        12
        12
        10
         8
        19
        16
        14
        19
        22
        19
        10
         9
        16
         9
        21
        12
        12
        20
         9
        16
        15
        18
        20
        10
        13
        10
        13
        19
        14
        10
        14
        12
        15
        18
         9
        16
        11
         7
        12
        12
        14
        15
         6
        12
        13
         9
         7
        12
         8
         7
         8
        13
        11
         8
        12
        17
         8
        14
        10
        13
        15
        14
        14
        19
        13
        13
        13
        17
        10
        10
         9
        13
        15
         9
        10
        10
         9
        14
        11
         5
        14
        10
        12
         7
         9
         8
        11
        15
         8
        12
        14
        12
        11
        14
        10
        12
        11
         8
        11
        11
        11
         7
        14
         8
         9
         8
         5
         8
         9
        12
        12
         6
        16
         5
        10
         4
        13
         7
         6
         8
         5
         8
         7
        11
        10
         9
         9
         5
         6
        12
         8
        11
        10
         9
         6
        11
        13
        11
        13
        12
        12
        10
         9
         5
         7
         4
        10
        11
         9
         8
         8
         9
         9
         4
         9
         7
         8
        12
        11
         7
        15
         6
        10
         9
        10
         5
         9
        10
        10
         5
         6
        11
        10
         5
         9
        12
         6
        11
        11
         8
         7
         7
        12
         6
        13
         7
         9
         7
         8
         8
         8
         8
        10
        12
         4
         6
        10
         9
         4
        11
        10
         5
         4
         8
         7
         8
         7
         9
         9
         5
         9
        13
        11
         9
         5
        11
         9
        13
         7
        11
         9
         7
         9
         7
         7
        10
        11
         7
         7
         8
         6
         7
        15
         8
         6
         5
         8
         8
         7
        10
        12
         7
        13
        12
         5
         7
         8
         5
         7
        10
         6
         4
         9
        13
         5
         8
        10
         8
         7
         7
         7
         7
         6
         7
        11
         5
        10
        11
         5
         4
         5
         9
         3
         6
         8
         5
         4
        10
         6
         4
         6
        11
         7
         5
         6
        10
         2
         6
         9
         8
         5
         5
         8
         9
         4
        10
        10
         9
         6
         7
         7
         5
        10
         5
         8
        12
         4
         2
         5
         5
         7
         1
         6
        10
         4
         6
         6
         5
         5
         9
         7
         6
         8
         3
         5
         3
         6
         3
         4
         4
         6
        10
         5
         7
         7
        11
         6
         4
         1
         6
         4
         6
         5
         8
         2
         4
         7
         8
         6
         6
         6
         5
         6
         6
         5
         6
         7
         3
         5
         7
         1
        10
         6
         5
         3
         6
         6
         4
         5
         4
         5
         3
         6
         6
         4
         9
         4
         7
         2
         5
         5
         7
         3
         8
         5
        10
         5
         6
         7
         4
         3
         6
         4
         6
         8
         6
        11
         5
         4
         7
         7
         5
         9
         5
         5
         6
        10
         6
         6
         7
         3
         7
         6
         2
         3
         3
         2
         7
         9
         3
         5
         1
         6
         6
         1
         7
         9
         3
         9
         6
         3
         3
         3
         7
         6
        10
         7
         8
         4
         2
         5
         6
         6
         6
         4
         5
         6
         8
         4
         6
         3
         2
         7
         7
         4
         4
         7
         2
         5
         7
         4
         4
         1
         5
         7
         7
         6
         6
         4
         1
         3
         5
         5
         7
         9
         4
         5
         9
         9
         6
         3
         6
         3
         3
         6
         5
         6
         9
         3
         6
         3
         5
         2
         6
         5
         1
         7
         4
        10
         6
         4
         4
         5
         2
         3
         3
         4
         7
         7
         5
         1
         2
         3
         6
         0
         1
         3
         4
         2
         5
         4
         3
         5
         4
         5
         4
         5
         7
         6
         5
         4
         5
         2
         2
         5
         3
         3
         3
         2
         8
         5
         5
         1
         5
         1
         7
         8
         1
         6
         4
         7
         7
         4
         4
         3
         5
         6
         4
         7
         3
         5
         5
         5
         1
         3
         4
         5
         2
         2
         5
         4
         5
         5
         5
         8
         3
         2
         2
         5
         2
         3
         5
         5
         7
         4
         2
         5
         4
         2
         6
         4
         6
         2
         4
         5
         2
         1
         6
         3
         5
         2
         5
         3
         3
         2
         5
         2
         2
         3
         2
         4
         1
         8
         3
         2
         4
         3
         2
         3
         1
         3
         3
         3
         2
         6
         4
         6
         1
         2
         5
         5
         1
         2
         2
         3
         3
         5
         1
         1
         0
         5
         1
         3
         2
         2
         4
         4
         5
         5
         2
         0
         1
         1
         5
         3
         0
         2
         3
         4
         2
         6
         3
         1
         4
         0
         5
         2
         4
         5
         2
         6
         0
         1
         4
         4
         6
         2
         2
         0
         4
         3
         4
         2
         2
         3
         0
         1
         2
         3
         3
         0
        10
         2
         4
         3
         2
         5
         0
         3
         6
         2
         3
         3
         1
         3
         4
         3
         3
         1
         1
         5
        10
         6
         1
         2
         2
         1
         4
         4
         3
         1
         4
         4
         4
         2
         3
         4
         5
         1
         3
         0
         2
         2
         3
         4
         6
         0
         2
         2
         1
         4
         3
         4
         3
         3
         0
         7
         3
         3
         4
         3
         1
         0
         4
         1
         3
         3
         2
         2
         4
         3
         6
         1
         3
         4
         2
         0
         1
         4
         1
         2
         1
         1
         0
         3
         4
         1
         6
         1
         2
         4
         2
         1
         4
         3
         2
         1
         2
         2
         7
         3
         5
         2
         6
         0
         2
         3
         4
         2
         1
         1
         2
         1
         3
         1
         2
         3
         4
         3
         3
         1
         2
         3
         1
         2
         1
         3
         4
         3
         3
         1
         0
         1
         6
         2
         5
         3
         3
         1
         1
         1
         2
         2
         0
         2
         4
         1
         1
         6
         0
         3
         5
         2
         4
         0
         2
         2
         1
         4
         0
         2
         1
         1
         3
         7
         1
         0
         2
         6
         3
         2
         0
         1
         4
         2
         3
         3
         1
         3
         1
         3
         2
         3
         3
         1
         6
         2
         1
         1
         2
         1
         1
         3
         1
         3
         1
         1
         2
         1
         3
         4
         4
         4
         0
         0
         2
         0
         3
         6
         1
         4
         2
         2
         3
         0
         1
         2
         2
         0
         2
         3
         3
         2
         2
         5
         0
         2
         2
         4
         1
         2
         4
         0
         1
         4
         2
         0
         0
         2
         2
         2
         2
         4
         4
         5
         4
         1
         2
         4
         3
         1
         1
         1
         7
         2
         5
         0
         3
         0
         2
         1
         2
         2
         0
         2
         2
         1
         1
         5
         2
         2
         3
         2
         2
         1
         1
         4
         1
         1
         2
         1
         3
         4
         1
         2
         4
         0
         4
         1
         0
         0
         0
         1
         2
         4
         2
         0
         1
         1
         0
         2
         2
         2
         3
         3
         2
         1
         2
         3
         2
         2
         4
         2
         4
         1
         1
         5
         2
         2
         1
         2
         5
         2
         0
         3
         1
         1
         2
         0
         1
         5
         2
         1
         1
         3
         3
         3
         4
         1
         4
         1
         4
         2
         3
         3
         0
         3
         2
         1
         1
         2
         0
         2
         1
         3
         1
         1
         1
         4
         1
         1
         4
         5
         2
         1
         2
         0
         0
         4
         1
         1
         1
         4
         0
         1
         1
         1
         1
         3
         1
         2
         2
         1
         3
         2
         2
         4
         2
         4
         3
         2
         1
         2
         1
         1
         2
         1
         3
         3
         0
         3
         2
         2
         1
         1
         1
         0
         2
         2
         3
         4
         3
         2
         0
         1
         1
         1
         2
         2
         3
         0
         1
         0
         0
         4
         0
         2
         2
         2
         8
         2
         1
         2
         2
         1
         1
         2
         1
         1
         2
         3
         0
         2
         2
         1
         3
         2
         6
         1
         2
         1
         3
         0
         0
         1
         2
         0
         3
         2
         1
         1
         4
         2
         4
         2
         0
         1
         2
         0
         2
         1
         1
         2
         2
         0
         3
         4
         3
         0
         4
         0
         3
         6
         1
         2
         0
         1
         1
         1
         1
         2
         1
         2
         1
         3
         3
         3
         0
         2
         0
         3
         2
         6
         3
         4
         2
         1
         2
         2
         1
         2
         4
         2
         4
         2
         3
         2
         1
         0
         1
         1
         2
         0
         2
         2
         1
         0
         3
         1
         2
         5
         1
         1
         3
         2
         3
         2
         2
         0
         1
         0
         3
         0
         1
         0
         3
         1
         1
         1
         2
         2
         1
         1
         1
         1
         3
         3
         0
         1
         1
         3
         0
         1
         1
         0
         0
         2
         2
         1
         1
         0
         1
         2
         0
         2
         2
         1
         1
         3
         1
         1
         1
         3
         1
         3
         3
         1
         1
         3
         1
         2
         0
         1
         2
         1
         0
         1
         3
         1
         0
         3
         1
         0
         0
         1
         1
         0
         0
         0
         0
         1
         4
         3
         2
         2
         2
         0
         2
         0
         1
         1
         3
         1
         1
         1
         1
         2
         1
         2
         4
         1
         0
         1
         0
         0
         1
         1
         2
         0
         2
         3
         1
         1
         3
         1
         1
         2
         2
         1
         2
         2
         0
         0
         1
         0
         1
         2
         2
         2
         0
         0
         3
         0
         1
         1
         2
         3
         1
         1
         2
         2
         2
         0
         1
         0
         0
         1
         3
         0
         3
         0
         2
         0
         2
         0
         1
         0
         0
         2
         1
         3
         1
         0
         0
         1
         2
         0
         0
         0
         3
         2
         0
         1
         1
         4
         0
         4
         0
         1
         1
         1
         1
         1
         0
         1
         1
         0
         2
         1
         0
         2
         1
         1
         3
         0
         0
         4
         1
         1
         4
         1
         1
         3
         0
         3
         1
         1
         3
         0
         0
         0
         0
         0
         1
         0
         1
         2
         2
         2
         1
         1
         2
         0
         2
         4
         0
         0
         0
         0
         3
         0
         1
         0
         4
         3
         1
         2
         1
         3
         0
         1
         1
         0
         0
         1
         3
         0
         0
         0
         0
         0
         1
         2
         2
         1
         1
         0
         1
         1
         0
         2
         0
         4
         0
         0
         1
         0
         1
         0
         0
         0
         1
         1
         0
         1
         0
         0
         0
         1
         0
         0
         0
         1
         0
         1
         1
         3
         0
         1
         2
         0
         1
         1
         2
         0
         1
         1
         1
         1
         0
         1
         0
         1
         1
         1
         1
         1
         0
         1
         1
         0
         1
         3
         1
         0
         1
         1
         0
         0
         1
         1
         2
         1
         1
         1
         1
         1
         0
         1
         1
         1
         1
         2
         2
         0
         0
         1
         0
         0
         0
         1
         0
         1
         2
         0
         0
         0
         0
         0
         0
         2
         1
         1
         0
         1
         2
         2
         0
         1
         1
         3
         1
         1
         1
         0
         0
         0
         2
         0
         1
         0
         0
         0
         2
         0
         2
         1
         2
         0
         0
         0
         0
         0
         1
         3
         2
         0
         0
         0
         1
         0
         2
         0
         0
         2
         1
         0
         1
         0
         0
         2
         1
         2
         2
         0
         0
         2
         3
         2
         2
         0
         1
         1
         0
         1
         1
         2
         2
         1
         1
         3
         0
         0
         1
         1
         2
         0
         1
         0
         1
         0
         0
         0
         1
         1
         0
         2
         2
         1
         2
         1
         1
         2
         1
         2
         2
         1
         0
         1
         0
         1
         1
         1
         1
         0
         0
         0
         0
         2
         1
         0
         0
         0
         3
         1
         1
         0
         1
         1
         0
         1
         2
         0
         1
         0
         2
         2
         4
         0
         1
         0
         1
         1
         1
         1
         0
         0
         1
         3
         2
         0
         1
         1
         1
         1
         1
         2
         2
         1
         2
         1
         0
         3
         0
         0
         1
         2
         0
         0
         0
         0
         0
         1
         1
         2
         3
         1
         2
         2
         5
         0
         1
         1
         0
         1
         0
         0
         3
         1
         0
         1
         0
         3
         0
         3
         0
         3
         0
         1
         1
         2
         0
         1
         0
         1
         0
         0
         1
         0
         0
         0
         1
         1
         0
         3
         2
         0
         0
         0
         1
         1
         1
         1
         1
         0
         0
         0
         2
         1
         1
         2
         1
         1
         0
         0
         2
         1
         1
         0
         1
         0
         2
         0
         1
         0
         0
         2
         0
         2
         1
         0
         1
         1
         0
         0
         3
         0
         0
         0
         0
         3
         4
         0
         0
         0
         2
         0
         1
         1
         0
         0
         0
         1
         2
         0
         1
         2
         0
         0
         2
         0
         0
         1
         1
         1
         1
         1
         0
         0
         2
         2
         0
         0
         1
         2
         2
         0
         1
         1
         1
         0
         0
         1
         0
         0
         0
         0
         0
         1
         0
         1
         1
         1
         0
         2
         1
         1
         1
         4
         2
         2
         0
         0
         1
         1
         2
         0
         1
         0
         1
         0
         0
         0
         1
         2
         1
         0
         1
         0
         1
         0
         0
         0
         2
         1
         0
         0
         0
         0
         1
         1
         3
         0
         0
         1
         0
         1
         0
         0
         0
         0
         0
         2
         0
         0
         1
         0
         2
         0
         1
         0
         1
         1
         3
         1
         1
         0
         0
         0
         0
         1
         0
         0
         1
         1
         1
         2
         0
         1
         0
         0
         1
         0
         0
         0
         0
         1
         0
         0
         0
         1
         1
         3
         1
         0
         1
         1
         0
         1
         2
         0
         1
         2
         0
         1
         0
         1
         0
         1
         1
         1
         1
         0
         2
         0
         1
         0
         0
         1
         2
         0
         0
         1
         1
         2
         0
         0
         1
         0
         1
         0
         0
         1
         2
         0
         1
         0
         1
         4
         2
         1
         1
         4
         0
         2
         1
         2
         1
         0
         1
         0
         2
         2
         1
         2
         0
         0
         1
         0
         3
         0
         1
         1
         1
         0
         1
         1
         0
         1
         1
         1
         1
         1
         0
         0
         0
         1
         0
         2
         0
         0
         1
         0
         0
         1
         0
         0
         1
         0
         2
         1
         2
         0
         1
         0
         1
         0
         1
         1
         0
         0
         1
         0
         0
         0
         2
         0
         0
         0
         1
         1
         1
         2
         1
         0
         2
         1
         0
         1
         0
         2
         2
         1
         0
         0
         0
         0
         4
         1
         0
         0
         0
         0
         1
         1
         0
         3
         1
         0
         2
         1
         1
         2
         0
         1
         0
         0
         0
         0
         1
         1
         0
         0
         2
         0
         3
         1
         1
         0
         1
         1
         0
         0
         3
         1
         0
         3
         1
         1
         1
         2
         2
         1
         0
         2
         0
         1
         2
         1
         3
         0
         1
         0
         2
         2
         2
         1
         0
         1
         0
         2
         2
         2
         1
         0
         0
         0
         2
         1
         0
         1
         1
         1
         0
         1
         1
         0
         1
         1
         0
         3
         2
         1
         1
         1
         1
         0
         2
         0
         0
         1
         1
         1
         2
         0
         0
         2
         2
         1
         0
         1
         0
         1
         2
         2
         0
         0
         0
         0
         0
         0
         1
         0
         0
         2
         0
         1
         1
         2
         1
         2
         0
         0
         1
         0
         1
         1
         0
         0
         0
         1
         0
         2
         0
         1
         0
         1
         1
         1
         0
         1
         2
         0
         2
         1
         1
         0
         0
         0
         0
         1
         1
         0
         1
         0
         3
         0
         0
         0
         0
         0
         1
         2
         0
         0
         0
         0
         0
         1
         1
         0
         0
         1
         0
         0
         1
         2
         1
         0
         0
         2
         0
         1
         2
         2
         0
         1
         2
         1
         1
         1
         2
         2
         0
         1
         2
         3
         3
         0
         1
         0
         2
         1
         0
         1
         1
         1
         2
         0
         1
         2
         0
         2
         1
         0
         1
         0
         4
         1
         1
         1
         0
         1
         1
         1
         1
         2
         0
         1
         0
         1
         2
         3
         1
         0
         2
         0
         0
         1
         0
         1
         2
         2
         1
         2
         0
         1
         0
         1
         0
         2
         1
         1
         2
         3
         1
         0
         0
         1
         0
         0
         0
         2
         0
         3
         1
         2
         2
         3
         2
         1
         1
         1
         0
         0
         1
         0
         2
         0
         2
         1
         2
         3
         0
         1
         1
         0
         1
         0
         0
         0
         1
         1
         0
         0
         1
         0
         0
         3
         0
         1
         1
         1
         2
         0
         1
         0
         1
         1
         2
         1
         1
         0
         1
         2
         1
         0
         2
         1
         0
         0
         2
         0
         2
         0
         2
         1
         0
         1
         0
         0
         1
         0
         1
         1
         0
         2
         1
         0
         0
         0
         2
         3
         0
         0
         0
         0
         0
         1
         1
         2
         1
         1
         1
         0
         0
         3
         1
         0
         1
         3
         0
         0
         1
         0
         1
         1
         1
         0
         0
         0
         1
         0
         1
         2
         0
         1
         1
         1
         0
         3
         1
         0
         1
         1
         0
         1
         2
         0
         0
         2
         1
         2
         1
         1
         1
         0
         2
         0
         2
         0
         1
         1
         0
         1
         1
         0
         2
         2
         0
         1
         1
         0
         1
         1
         2
         0
         1
         1
         0
         1
         0
         2
         1
         1
         1
         0
         1
         0
         1
         4
         0
         2
         1
         0
         1
         2
         1
         1
         0
         0
         0
         3
         1
         0
         0
         1
         2
         1
         0
         1
         0
         1
         0
         1
         0
         0
         1
         0
         1
         0
         1
         0
         3
         0
         1
         2
         0
         2
         1
         1
         0
         1
         2
         0
         2
         0
         0
         1
         0
         1
         3
         0
         0
         0
         1
         3
         1
         0
         1
         1
         2
         1
         0
         1
         2
         1
         2
         1
         1
         0
         1
         2
         1
         0
         0
         2
         0
         1
         1
         1
         1
         1
         0
         1
         1
         2
         2
         0
         2
         0
         1
         1
         0
         1
         0
         1
         0
         2
         0
         0
         1
         1
         2
         1
         1
         0
         1
         0
         0
         0
         0
         1
         0
         1
         0
         1
         1
         1
         0
         1
         1
         1
         3
         0
         2
         0
         0
         3
         0
         0
         0
         0
         0
         2
         0
         0
         1
         2
         0
         0
         1
         0
         0
         2
         1
         0
         2
         0
         1
         1
         0
         0
         2
         0
         1
         1
         1
         0
         0
         1
         1
         0
         1
         0
         1
         1
         0
         0
         0
         1
         0
         1
         1
         0
         1
         1
         1
         1
         1
         1
         0
         1
         0
         2
         0
         2
         3
         1
         0
         1
         1
         2
         2
         1
         0
         1
         0
         2
         0
         0
         0
         1
         1
         1
         0
         0
         0
         1
         0
         1
         1
         2
         0
         1
         1
         0
         2
         0
         1
         0
         1
         0
         0
         1
         1
         1
         0
         0
         0
         2
         2
         1
         0
         0
         2
         1
         0
         2
         0
         0
         1
         1
         1
         1
         0
         0
         0
         0
         0
         1
         0
         1
         0
         0
         2
         0
         2
         1
         1
         2
         0
         2
         0
         1
         0
         1
         1
         0
         0
         0
         1
         2
         1
         0
         0
         0
         0
         2
         0
         0
         0
         1
         0
         1
         1
         1
         1
         1
         1
         2
         1
         0
         1
         2
         0
         1
         0
         0
         1
         1
         1
         1
         3
         1
         1
         0
         1
         1
         2
         0
         0
         0
         0
         1
         0
         0
         1
         1
         1
         0
         1
         0
         0
         1
         0
         1
         1
         2
         4
         1
         1
         2
         1
         0
         1
         1
         0
         0
         1
         1
         1
         1
         0
         3
         0
         0
         0
         0
         3
         0
         1
         1
         2
         0
         0
         1
         0
         1
         0
         0
         1
         3
         0
         4
         1
         0
         1
         0
         0
         1
         1
         1
         0
         1
         1
         1
         0
         0
         1
         1
         0
         1
         0
         2
         0
         0
         1
         1
         0
         0
         2
         0
         1
         1
         0
         0
         1
         0
         3
         0
         0
         0
         2
         1
         0
         0
         0
         0
         2
         1
         0
         1
         0
         0
         0
         0
         0
         0
         0
         0
         0
         0
         0
         0
         0
         0
         0
         0
         0
         0
         0
         0
         0
         0
         0
         0
         0
         0
         0
         0
         0
         0
         0
         0
     0
     0
     0
     0
     0
     0
     0
     0
     0
         0
         0
         0
         0
