C:\Documents and Settings\studenti\Desktop\dede\29_11_2016.txt

DATE:
18/9/2016
TIME:
525599.5 525600.3
DATA:
0 4096
         2
         0
         0
         0
         0
         0
         1
         0
         0
         1
         0
         0
         0
         0
         0
         1
         0
         0
         0
         0
         0
         0
         0
         0
         0
         0
         0
         0
         0
         0
         0
         0
         0
         0
         0
         0
         0
         0
         0
         0
         0
         0
         0
         0
         0
         0
         0
         0
         0
         0
         0
         0
         0
         0
         0
         0
         0
         0
         0
         0
         0
         0
         0
         0
         0
         0
         0
         0
         0
         0
         0
         0
         0
         0
         0
         0
         0
         0
         0
         0
         0
         0
         0
         0
         0
         0
         0
         0
         0
         0
         0
         0
         0
         0
         0
         0
         0
         0
         0
         0
         0
         0
         0
         0
         0
         0
         0
         0
         0
         0
         0
         0
         0
         0
         0
         0
         0
         0
         0
         0
         0
         0
         0
         0
         0
         0
         0
         0
         0
         0
         0
         0
         0
         0
         0
         0
         0
         0
         0
         0
         0
         0
         0
         0
         0
         0
         0
         0
         0
         0
         0
         0
        30
        69
         8
         3
         0
         2
         0
         1
         0
         0
         2
         1
         0
         1
         3
        43
       169
       188
       203
       189
       198
       187
       201
       185
       166
       208
       192
       190
       202
       181
       204
       171
       206
       204
       169
       191
       191
       206
       183
       179
       178
       152
       191
       184
       177
       178
       179
       188
       180
       171
       176
       171
       180
       162
       154
       168
       208
       167
       165
       163
       202
       168
       172
       168
       166
       186
       168
       159
       175
       140
       149
       162
       168
       141
       156
       144
       153
       140
       155
       148
       176
       142
       143
       138
       155
       155
       147
       154
       153
       164
       161
       169
       154
       154
       146
       153
       135
       151
       154
       127
       124
       137
       142
       127
       140
       151
       158
       140
       131
       128
       131
       147
       136
       135
       148
       162
       117
       114
       138
       140
       144
       144
       100
       137
       143
       136
       156
       118
       117
       127
       111
       125
       126
       115
       124
       125
       141
       142
       112
       130
       138
       137
       134
       136
       125
       120
       106
       119
       135
       128
       118
       116
       118
       109
       124
       113
       109
       125
       122
       147
       139
       113
       119
       140
       106
       141
       118
       113
       114
       110
       108
        99
       121
       126
       124
       104
       116
       137
        96
       118
       100
       117
        95
       111
       111
       115
        88
       144
       101
       118
       111
        98
       104
        89
       112
       104
        98
        98
       106
        94
       121
       105
       106
       112
        97
        98
       115
        97
       112
       112
       113
        94
       104
       127
       105
       101
        99
        87
        93
        80
       121
       106
        99
        95
       125
        93
        94
       104
        83
        94
        76
        84
        92
        95
       116
       115
       105
        85
       108
        88
        96
        95
        88
        91
       102
        86
        94
       105
        88
        88
        90
       110
        74
        92
        82
        90
        96
        82
        91
       100
        88
        94
        81
        93
        96
        70
        91
        83
        89
        87
        82
        66
        75
       103
        87
        91
        97
        85
        81
        76
        78
        67
        84
        94
        79
        80
        87
       101
        80
        67
        86
        70
        93
        82
        72
        89
        82
        84
        77
        74
        68
        78
        76
        82
        85
        74
        76
        94
        79
        63
        89
        89
        88
        77
        77
        83
        77
        80
        67
        79
        67
        76
        82
        70
        61
        56
        68
        83
        83
        70
        59
        81
        74
        77
        62
        69
        80
        68
        78
        64
        74
        72
        69
        67
        69
        64
        67
        69
        64
        51
        70
        66
        55
        84
        76
        73
        72
        69
        56
        68
        71
        64
        76
        76
        61
        64
        61
        79
        80
        70
        70
        68
        57
        75
        75
        47
        78
        78
        59
        53
        62
        66
        80
        62
        41
        63
        61
        57
        66
        59
        51
        57
        74
        64
        60
        64
        60
        64
        51
        67
        48
        82
        62
        49
        49
        52
        48
        55
        52
        60
        68
        65
        58
        64
        46
        61
        44
        52
        63
        52
        56
        53
        60
        47
        48
        54
        44
        56
        47
        58
        47
        53
        61
        52
        52
        61
        58
        49
        55
        62
        54
        54
        50
        58
        50
        55
        41
        54
        48
        61
        50
        58
        51
        56
        47
        62
        58
        57
        56
        49
        49
        60
        61
        61
        44
        41
        43
        65
        54
        55
        48
        55
        59
        58
        36
        55
        43
        52
        49
        51
        44
        58
        38
        36
        53
        50
        49
        46
        48
        40
        54
        49
        51
        53
        49
        48
        46
        43
        52
        47
        34
        55
        51
        55
        54
        45
        44
        55
        47
        36
        46
        40
        43
        40
        43
        44
        44
        45
        36
        56
        30
        44
        38
        40
        37
        40
        45
        29
        33
        32
        31
        44
        55
        50
        37
        46
        39
        48
        54
        40
        31
        40
        38
        44
        43
        45
        48
        48
        27
        38
        31
        34
        48
        31
        33
        33
        40
        42
        55
        33
        35
        39
        47
        46
        43
        32
        44
        42
        43
        43
        33
        37
        33
        43
        33
        40
        32
        35
        39
        28
        34
        32
        44
        46
        28
        26
        30
        41
        40
        45
        41
        34
        29
        39
        41
        32
        33
        34
        34
        27
        33
        42
        35
        32
        28
        36
        37
        41
        32
        38
        38
        36
        32
        45
        29
        36
        27
        30
        30
        38
        30
        37
        41
        39
        32
        42
        27
        39
        30
        33
        35
        44
        29
        35
        28
        42
        38
        36
        24
        32
        44
        42
        30
        28
        33
        33
        36
        31
        21
        34
        27
        32
        29
        33
        35
        33
        33
        49
        28
        34
        33
        32
        34
        31
        28
        34
        35
        33
        28
        25
        35
        27
        31
        29
        25
        24
        36
        31
        31
        26
        26
        32
        24
        34
        28
        16
        36
        34
        33
        23
        28
        23
        22
        36
        26
        26
        30
        24
        34
        20
        26
        28
        28
        26
        15
        27
        28
        27
        36
        40
        22
        22
        23
        31
        22
        30
        24
        23
        32
        27
        24
        34
        23
        32
        25
        15
        34
        20
        23
        16
        20
        28
        24
        19
        25
        24
        18
        26
        20
        26
        21
        25
        16
        29
        23
        30
        19
        23
        30
        18
        37
        23
        25
        22
        26
        22
        17
        25
        31
        23
        21
        24
        19
        27
        21
        27
        13
        14
        25
        30
        24
        24
        22
        21
        17
        24
        27
        17
        22
        22
        24
        21
        20
        20
        21
        28
        23
        19
        16
        29
        21
        16
        21
        15
        24
        21
        21
        24
        21
        21
        19
        26
        30
        14
        21
        19
        15
        23
        22
        22
        23
        18
        17
        22
        34
        15
        21
        25
        21
        20
        21
        25
        22
        17
        21
        13
        17
        19
        28
        14
        20
        18
        19
        21
        20
        20
        19
        26
        21
        19
        23
        19
        17
        27
        16
        18
        14
        22
        22
        24
        19
        22
        19
        28
        23
        24
        20
        15
        16
        14
        21
        21
        16
        23
        22
        17
        23
        11
        16
        20
        23
        14
        16
        12
        23
        19
        22
        18
        18
        18
        11
        21
        15
        12
        16
        21
        18
        20
        16
        19
        16
        12
         9
        14
        11
        24
        18
        15
        16
        15
        19
        21
        17
        19
        15
        18
        16
        14
        15
        21
         8
        17
        19
        14
        19
        10
        18
        15
        19
        14
        20
        11
        24
        18
        19
        15
        22
        14
        16
        11
        18
        18
        18
        13
        16
        10
        12
        17
        11
        27
        14
        27
        17
        15
        19
        16
        15
        13
        16
        15
        20
        23
        20
        12
        15
        12
        13
        18
        20
         9
        14
         8
        18
        14
        18
        13
        23
        10
         9
         7
        17
        15
        13
         9
        13
        13
        18
        16
        11
        19
        13
        23
        11
        22
        18
        15
         9
        17
        13
        10
        15
         6
         7
        10
        13
        12
        17
        13
         9
        14
        10
        15
        12
        17
        14
        14
        12
        20
        14
        11
        21
        19
        16
        18
        14
        14
        13
         2
        16
        19
        15
        17
        11
        13
        13
        13
         9
        11
        13
        16
         6
        16
        15
         5
         7
        19
        15
        12
        17
        13
        16
        14
        16
        13
         5
        14
        13
         6
        22
        13
         4
        14
        10
         9
         9
        15
        15
        14
        10
         4
        18
         8
        12
        13
         7
         8
         3
        14
        11
         5
        11
        11
        16
        10
         8
        13
        10
         9
        13
        13
        15
        10
        13
         8
        13
        10
         9
        11
        13
        11
         7
        10
        12
         9
         6
         7
         9
        14
         5
        12
        15
         9
        13
        11
        14
         8
        12
        10
        10
        11
        10
        16
         8
        12
        15
        10
        12
        16
         7
        11
        10
         9
        12
        17
        16
         5
         7
         9
         7
         8
        11
        13
        14
        12
         7
        13
        11
        13
         9
         7
        15
        13
        11
         8
         4
        13
         9
        14
         9
         9
         9
         7
         8
         9
         7
         9
         8
        16
        12
        14
         7
        13
         9
        10
         7
         9
         6
         8
         7
        12
        13
         8
        14
         5
         2
         5
         5
        12
         9
        10
         6
         8
         8
        10
         9
         4
         6
         8
        10
        10
         4
         6
         8
         9
        12
         6
         8
         6
        11
         5
        10
         3
         4
         7
         6
         8
        11
        12
         5
         8
         7
         7
        11
         7
        13
         7
         2
         6
         9
         9
        11
         8
         9
        10
        16
         8
        14
        10
         7
         4
         6
         9
        10
         4
         5
         7
         6
        10
         8
         2
         8
         4
         6
         9
         7
         7
         9
         7
         6
         8
         7
         8
         8
         5
         6
         7
         8
         8
         7
         6
         6
         1
        11
         9
         5
         9
         7
         6
         7
         5
        10
         6
         8
         8
        12
         6
         4
         7
         8
         8
         5
         5
         8
         5
        11
         3
         6
         8
         5
         7
         7
         8
         4
        12
         4
        10
         7
        10
         1
         7
         8
         8
         6
         5
        13
         6
         8
         6
         1
         5
         7
         3
         3
         4
         4
         3
        11
         4
        10
         7
         5
         9
         7
         2
         8
         4
         7
         6
         7
        10
         5
         7
         9
         7
         4
         4
         7
         3
         4
        11
         3
         6
         8
        11
         4
         5
         7
         9
        10
         7
         6
         4
         4
        11
         3
         7
         6
         6
         8
         4
         8
         7
         5
         3
        13
         4
         3
         3
         3
         3
         8
         7
         4
         9
         7
         4
         7
         9
         6
        10
         9
         4
         3
         5
         5
         2
        12
         5
         4
         8
         7
         6
         8
         8
         8
         7
         6
         7
        12
         6
         4
         3
         7
         7
         6
        11
         4
         9
         4
         8
         7
         6
         3
         3
         6
         8
         9
         7
         5
         1
         5
         5
         7
         9
         4
         8
         5
         3
         4
         6
         9
         4
         7
         7
         6
         4
         2
         6
         2
         5
         2
         3
         9
         7
         2
        11
         7
         4
         5
         3
         7
         6
         2
        10
         3
         4
         4
         6
         8
         7
         5
        11
         8
         3
         2
         5
         3
         4
         5
         3
         4
         3
         8
         6
         5
         5
         5
         1
         4
         7
         3
         3
         5
         6
         7
         5
         2
         8
         5
         4
         3
         5
         6
         2
         9
         0
         4
         3
         2
         5
         1
         5
         6
         3
        10
         3
         4
         3
         2
         4
         4
         1
         3
         6
         7
         2
         1
         5
         4
         4
         8
         8
         2
         6
         7
         7
         6
         8
         1
         4
         6
         5
         5
         5
         5
         5
         7
         1
         2
         3
         3
         4
         4
         3
         8
         5
         4
         6
         4
         2
         5
         2
         5
         4
         5
         2
         9
         3
         3
         2
         5
         3
         6
         5
         2
         3
         2
         4
         3
         4
         4
         2
         4
         2
         2
         6
         8
         6
         6
         3
         4
         2
         3
         5
         2
         3
         4
         3
         6
         4
         4
         6
         6
         2
         5
         5
         4
         4
         1
         2
         3
         4
         4
         2
         6
         2
         2
         4
         5
         4
         3
         7
         1
         4
         1
         4
         4
         6
         7
         3
         3
         4
         3
         5
         2
         4
         1
         5
         2
         4
         5
         4
         4
         1
         3
         3
         3
         2
         5
         3
         3
         1
         3
         4
         3
         2
         2
         3
         4
         7
         3
         4
         8
         4
         4
         3
         4
         5
         1
         6
         3
         2
         3
         1
         4
         4
         1
         0
         3
         0
         2
         4
         3
         6
         5
         6
         4
         1
         2
         2
         2
         1
         2
         3
         3
         1
         1
         2
         4
         5
         1
         2
         4
         4
         7
         4
         7
         3
         3
         2
         4
         5
         2
         4
         1
         2
         4
         3
         4
         2
         3
         2
         2
         2
         8
         6
         2
         1
         7
         1
         3
         2
         4
         2
         3
         3
         5
         4
         0
         3
         5
         3
         2
         4
         4
         4
         1
         3
         5
         5
         1
         3
         2
         2
         3
         4
         2
         4
         1
         6
         4
         1
         4
         0
         4
         5
         1
         1
         4
         3
         3
         6
         4
         0
         4
         3
         2
         6
         3
         2
         1
         4
         4
         2
         4
         5
         1
         1
         1
         2
         3
         4
         1
         4
         0
         1
         3
         4
         4
         2
         2
         1
         2
         7
         3
         1
         2
         1
         1
         2
         2
         2
         3
         1
         2
         4
         2
         2
         2
         1
         5
         2
         1
         3
         3
         0
         3
         8
         0
         1
         1
         2
         3
         4
         3
         4
         4
         3
         3
         1
         3
         1
         5
         3
         1
         3
         2
         2
         0
         5
         2
         3
         1
         2
         2
         0
         2
         5
         5
         2
         3
         5
         3
         3
         3
         1
         2
         2
         5
         3
         4
         1
         0
         3
         5
         4
         2
         4
         3
         3
         3
         2
         4
         4
         4
         1
         2
         0
         1
         4
         3
         3
         3
         2
         2
         4
         6
         3
         0
         0
         6
         2
         2
         3
         2
         2
         0
         2
         0
         3
         0
         0
         2
         3
         4
         2
         4
         3
         4
         0
         4
         3
         0
         4
         3
         0
         1
         1
         1
         3
         0
         3
         6
         0
         4
         1
         2
         0
         5
         2
         2
         2
         1
         1
         3
         1
         3
         1
         5
         5
         0
         6
         2
         2
         5
         1
         7
         1
         5
         1
         3
         2
         5
         2
         1
         5
         0
         2
         2
         4
         2
         1
         3
         1
         1
         4
         1
         1
         3
         0
         1
         0
         2
         1
         4
         2
         1
         0
         3
         1
         0
         1
         2
         0
         2
         1
         2
         0
         3
         1
         2
         3
         3
         2
         2
         3
         0
         1
         1
         1
         1
         5
         3
         3
         3
         2
         1
         2
         2
         2
         2
         3
         2
         1
         2
         3
         1
         5
         4
         3
         2
         2
         2
         0
         1
         3
         3
         3
         1
         0
         1
         3
         1
         1
         2
         2
         1
         3
         3
         5
         2
         0
         3
         0
         0
         2
         3
         1
         1
         4
         3
         1
         4
         1
         2
         2
         1
         0
         2
         4
         2
         6
         5
         0
         1
         0
         3
         0
         0
         4
         3
         0
         3
         1
         1
         1
         2
         1
         3
         0
         7
         2
         1
         0
         2
         2
         2
         1
         3
         1
         2
         1
         1
         1
         4
         1
         0
         3
         1
         4
         3
         0
         2
         1
         3
         4
         2
         1
         1
         0
         0
         1
         1
         0
         0
         0
         3
         1
         0
         2
         2
         1
         3
         4
         3
         1
         1
         4
         3
         2
         3
         1
         1
         2
         1
         3
         5
         0
         0
         3
         2
         1
         5
         4
         2
         4
         2
         2
         4
         1
         2
         3
         0
         1
         1
         4
         0
         1
         4
         1
         4
         2
         0
         1
         1
         0
         3
         1
         4
         1
         1
         2
         1
         2
         3
         0
         0
         1
         0
         2
         1
         2
         1
         2
         0
         1
         0
         1
         0
         3
         3
         1
         1
         2
         3
         2
         2
         1
         2
         1
         3
         5
         1
         2
         0
         4
         1
         2
         1
         2
         3
         4
         1
         1
         1
         1
         1
         1
         1
         0
         1
         1
         1
         0
         1
         2
         1
         1
         2
         1
         1
         1
         3
         2
         2
         5
         1
         2
         0
         1
         1
         1
         0
         2
         1
         0
         0
         1
         1
         2
         2
         1
         0
         1
         6
         0
         2
         3
         2
         2
         2
         1
         3
         1
         1
         2
         2
         3
         1
         1
         0
         1
         2
         2
         0
         4
         2
         0
         2
         2
         2
         2
         0
         1
         1
         0
         2
         0
         1
         1
         3
         4
         0
         1
         0
         2
         1
         1
         2
         1
         3
         0
         2
         1
         0
         1
         1
         1
         1
         0
         1
         2
         0
         0
         2
         0
         2
         3
         3
         2
         0
         1
         0
         1
         3
         2
         2
         1
         1
         1
         1
         0
         2
         2
         2
         3
         1
         2
         4
         2
         1
         3
         1
         0
         1
         2
         1
         2
         1
         1
         4
         1
         1
         1
         1
         1
         4
         3
         1
         1
         1
         1
         0
         0
         1
         2
         2
         2
         0
         1
         2
         2
         0
         0
         0
         1
         2
         1
         4
         1
         2
         1
         1
         1
         1
         0
         2
         0
         1
         1
         2
         5
         0
         2
         1
         0
         0
         0
         3
         1
         2
         1
         1
         4
         0
         1
         0
         1
         0
         4
         1
         1
         1
         0
         0
         1
         0
         2
         3
         1
         2
         0
         0
         1
         3
         2
         2
         4
         4
         1
         1
         1
         2
         2
         1
         0
         1
         1
         3
         0
         1
         0
         1
         0
         3
         2
         0
         3
         0
         0
         1
         2
         1
         2
         0
         4
         0
         1
         1
         1
         1
         0
         1
         0
         0
         1
         0
         1
         1
         1
         0
         0
         1
         1
         3
         0
         1
         1
         1
         1
         1
         2
         0
         2
         2
         1
         1
         0
         0
         1
         1
         0
         1
         2
         0
         1
         0
         1
         3
         0
         0
         1
         1
         0
         3
         1
         2
         1
         0
         0
         0
         1
         1
         0
         0
         0
         1
         1
         1
         1
         1
         2
         0
         1
         0
         2
         2
         0
         1
         2
         1
         2
         1
         2
         0
         2
         4
         1
         0
         1
         2
         2
         3
         1
         2
         1
         0
         2
         0
         2
         0
         1
         1
         1
         1
         1
         4
         3
         1
         0
         2
         1
         1
         1
         0
         4
         4
         0
         0
         0
         3
         1
         2
         0
         3
         2
         2
         0
         1
         0
         3
         2
         2
         0
         1
         1
         1
         1
         0
         0
         0
         1
         0
         0
         0
         0
         0
         3
         1
         0
         1
         0
         0
         1
         1
         4
         1
         1
         2
         0
         2
         1
         4
         1
         0
         1
         1
         2
         0
         0
         1
         1
         2
         1
         0
         1
         0
         0
         1
         3
         0
         0
         1
         2
         1
         1
         3
         6
         2
         0
         1
         1
         1
         0
         1
         1
         1
         1
         2
         1
         2
         3
         2
         1
         1
         1
         3
         0
         1
         1
         0
         2
         1
         0
         0
         1
         0
         0
         0
         3
         0
         2
         1
         3
         2
         4
         1
         0
         0
         1
         0
         1
         0
         1
         1
         1
         2
         2
         0
         1
         0
         0
         1
         2
         0
         2
         1
         0
         3
         1
         0
         1
         1
         0
         1
         3
         1
         2
         0
         1
         0
         1
         0
         1
         1
         0
         2
         0
         1
         2
         2
         1
         0
         1
         3
         0
         0
         1
         0
         0
         2
         0
         1
         2
         0
         1
         2
         2
         1
         1
         0
         0
         0
         2
         0
         1
         1
         0
         3
         1
         0
         0
         2
         0
         0
         0
         3
         0
         1
         1
         0
         3
         0
         0
         0
         1
         2
         0
         2
         0
         3
         1
         1
         2
         1
         1
         1
         2
         0
         2
         0
         1
         0
         1
         1
         2
         1
         0
         1
         0
         2
         0
         2
         0
         0
         3
         1
         1
         1
         0
         0
         1
         2
         1
         3
         0
         0
         1
         3
         0
         2
         1
         4
         3
         0
         2
         0
         3
         2
         3
         0
         3
         2
         2
         1
         1
         0
         0
         0
         0
         0
         0
         1
         0
         1
         0
         0
         1
         1
         1
         2
         2
         0
         1
         1
         2
         0
         0
         0
         0
         1
         0
         2
         2
         1
         4
         1
         0
         1
         0
         0
         1
         1
         1
         0
         2
         1
         0
         1
         2
         0
         1
         0
         0
         0
         0
         1
         0
         0
         0
         2
         2
         1
         4
         0
         2
         1
         1
         0
         0
         3
         0
         0
         0
         3
         0
         1
         1
         2
         1
         1
         1
         0
         0
         2
         0
         0
         1
         4
         1
         1
         0
         1
         2
         1
         0
         1
         0
         1
         1
         4
         1
         0
         1
         1
         1
         1
         0
         2
         1
         0
         0
         0
         1
         3
         0
         1
         0
         0
         1
         3
         1
         0
         0
         0
         1
         3
         1
         1
         0
         2
         1
         1
         1
         0
         0
         1
         0
         2
         3
         0
         1
         0
         2
         1
         0
         1
         0
         2
         3
         0
         2
         0
         0
         0
         0
         0
         2
         1
         1
         1
         1
         2
         0
         1
         1
         1
         0
         1
         1
         1
         0
         1
         1
         0
         1
         2
         2
         1
         2
         1
         1
         1
         1
         0
         2
         2
         0
         0
         1
         0
         1
         0
         1
         2
         0
         1
         0
         1
         1
         0
         0
         0
         1
         1
         0
         2
         1
         4
         1
         0
         0
         1
         0
         0
         1
         2
         1
         1
         0
         1
         1
         4
         1
         0
         1
         3
         0
         0
         0
         0
         1
         1
         1
         2
         2
         0
         2
         0
         1
         0
         0
         0
         2
         2
         0
         0
         0
         1
         3
         0
         1
         0
         0
         0
         0
         1
         1
         0
         1
         0
         1
         2
         0
         1
         0
         1
         1
         0
         1
         0
         1
         0
         0
         1
         2
         1
         2
         0
         2
         0
         1
         1
         0
         1
         0
         1
         0
         1
         1
         2
         2
         0
         1
         1
         0
         0
         3
         2
         1
         2
         0
         0
         2
         4
         0
         1
         0
         0
         0
         1
         3
         0
         0
         2
         1
         1
         1
         0
         1
         2
         1
         2
         3
         1
         2
         0
         1
         3
         0
         0
         1
         2
         0
         1
         1
         0
         0
         1
         0
         0
         1
         2
         0
         1
         1
         2
         1
         3
         1
         2
         2
         0
         0
         1
         3
         0
         0
         0
         1
         2
         1
         0
         1
         1
         0
         0
         1
         1
         1
         3
         2
         1
         1
         4
         0
         0
         2
         1
         2
         0
         0
         1
         0
         1
         3
         1
         1
         0
         0
         6
         1
         0
         1
         0
         0
         2
         1
         2
         1
         1
         1
         1
         1
         1
         0
         1
         0
         1
         1
         1
         1
         1
         0
         0
         1
         2
         1
         0
         1
         2
         1
         0
         0
         1
         0
         5
         4
         2
         1
         2
         0
         2
         0
         4
         2
         0
         1
         1
         1
         1
         2
         1
         1
         1
         1
         0
         1
         0
         0
         0
         0
         1
         1
         0
         0
         3
         0
         1
         1
         0
         0
         1
         2
         0
         1
         0
         1
         3
         0
         1
         2
         0
         1
         0
         1
         1
         0
         1
         4
         2
         0
         0
         1
         2
         1
         0
         1
         1
         0
         0
         2
         0
         0
         0
         1
         1
         3
         0
         2
         2
         0
         3
         1
         0
         0
         0
         0
         0
         1
         0
         1
         0
         2
         2
         0
         1
         2
         0
         0
         2
         0
         3
         1
         1
         0
         2
         0
         1
         1
         0
         1
         0
         0
         3
         2
         1
         1
         0
         0
         2
         1
         1
         0
         0
         0
         1
         1
         0
         1
         2
         0
         0
         2
         1
         1
         1
         1
         2
         0
         1
         1
         0
         0
         2
         0
         2
         1
         0
         0
         1
         1
         0
         3
         2
         2
         1
         0
         1
         0
         0
         2
         0
         1
         2
         1
         1
         0
         0
         1
         0
         1
         0
         0
         0
         1
         1
         1
         0
         1
         0
         1
         1
         0
         0
         1
         1
         2
         1
         0
         2
         0
         0
         1
         3
         0
         1
         1
         0
         0
         0
         0
         1
         2
         1
         1
         1
         0
         1
         0
         0
         1
         1
         0
         1
         3
         1
         0
         0
         1
         0
         0
         1
         0
         1
         2
         0
         0
         0
         2
         0
         0
         0
         0
         0
         0
         0
         0
         1
         0
         1
         1
         1
         0
         2
         0
         2
         0
         0
         0
         1
         0
         0
         0
         1
         0
         0
         2
         0
         1
         0
         1
         1
         1
         0
         1
         1
         1
         2
         2
         3
         1
         0
         2
         2
         2
         0
         0
         1
         2
         1
         0
         2
         1
         0
         1
         1
         1
         0
         0
         2
         0
         0
         0
         1
         0
         0
         2
         0
         2
         2
         1
         0
         1
         0
         0
         1
         0
         0
         0
         3
         1
         1
         1
         1
         1
         2
         1
         1
         1
         0
         1
         0
         2
         4
         0
         3
         3
         0
         1
         1
         1
         1
         0
         1
         0
         2
         1
         2
         1
         1
         0
         0
         0
         0
         0
         0
         1
         0
         3
         0
         0
         0
         0
         0
         1
         2
         1
         1
         0
         1
         1
         1
         0
         1
         2
         0
         0
         0
         0
         1
         0
         2
         2
         0
         0
         2
         1
         0
         0
         1
         1
         1
         1
         2
         0
         1
         0
         1
         0
         1
         1
         0
         0
         1
         0
         1
         0
         0
         0
         0
         1
         1
         0
         0
         0
         0
         1
         1
         3
         0
         1
         1
         1
         0
         1
         1
         1
         0
         0
         1
         0
         2
         0
         2
         1
         2
         0
         0
         1
         0
         1
         1
         0
         0
         0
         1
         1
         3
         0
         0
         0
         1
         0
         1
         0
         0
         0
         1
         1
         0
         2
         0
         0
         1
         0
         2
         2
         0
         0
         0
         1
         1
         1
         2
         0
         1
         2
         2
         1
         1
         2
         0
         3
         1
         0
         2
         0
         1
         0
         0
         0
         1
         1
         1
         2
         0
         1
         0
         0
         0
         0
         2
         1
         0
         1
         1
         1
         1
         2
         1
         0
         0
         1
         1
         3
         0
         2
         3
         0
         0
         1
         2
         0
         0
         1
         3
         0
         2
         1
         0
         2
         0
         2
         1
         3
         2
         0
         0
         1
         2
         1
         0
         1
         3
         1
         1
         1
         0
         1
         1
         0
         0
         0
         0
         0
         1
         2
         0
         1
         1
         0
         1
         0
         0
         2
         2
         1
         2
         0
         0
         1
         1
         2
         1
         0
         3
         1
         2
         1
         0
         0
         1
         1
         0
         1
         0
         1
         2
         0
         1
         1
         0
         0
         2
         2
         1
         2
         0
         1
         2
         3
         0
         0
         1
         1
         0
         1
         2
         0
         0
         1
         0
         1
         0
         0
         1
         0
         0
         0
         0
         0
         1
         0
         3
         2
         3
         1
         3
         0
         1
         0
         1
         0
         0
         0
         1
         1
         0
         0
         0
         0
         3
         0
         1
         2
         1
         0
         0
         0
         0
         2
         1
         3
         0
         1
         0
         1
         0
         1
         1
         0
         2
         1
         0
         3
         1
         0
         0
         0
         0
         0
         0
         0
         0
         0
         0
         0
         0
         0
         0
         0
         0
         0
         0
         0
         0
         0
         0
         0
         0
         0
         0
         0
         0
        0
       0
        0
       0
       0
      0
     0
    0
    0
    0
    0
    0
     0
     0
     0
         0
         0
         0
         0
