C:\Documents and Settings\studenti\Desktop\dede\06-06-2016.txt

DATE:
6/6/2016
TIME:
431999.9 432000.1
DATA:
0 4096
         0
         0
         0
         0
         0
         0
         0
         0
         0
         0
         0
         0
         0
         0
         0
         0
         0
         0
         0
         0
         0
         0
         0
         0
         0
         0
         0
         0
         0
         0
         0
         0
         0
         0
         0
         0
         0
         0
         0
         0
         0
         0
         0
         0
         0
         0
         0
         0
         0
         0
         0
         0
         0
         0
         0
         0
         0
         0
         0
         0
         0
         0
         0
         0
         0
         0
         0
         0
         0
         0
         0
         0
         0
         0
         0
         0
         0
         0
         0
         0
         0
         0
         0
         0
         0
         0
         0
         0
         0
         0
         0
         0
         0
         0
         0
         0
         0
         0
         0
         0
         0
         0
         0
         0
         0
         0
         0
         0
         0
         0
         0
         0
         0
         0
         0
         0
         0
         0
         0
         0
         0
         0
         0
         0
         0
         0
         0
         0
         0
         0
         0
         0
         0
         0
         0
         0
         0
         0
         0
         0
         0
         0
         0
         0
         0
         0
         0
         0
         0
         0
         0
         0
         5
        46
        10
         0
         0
         0
         0
         0
         0
         0
         0
         0
         0
         0
         1
        36
       134
       143
       141
       161
       186
       138
       173
       152
       158
       166
       167
       159
       169
       142
       170
       157
       181
       157
       146
       157
       157
       137
       145
       159
       131
       154
       140
       153
       152
       140
       155
       156
       143
       149
       150
       154
       154
       151
       140
       142
       155
       134
       138
       136
       132
       136
       139
       126
       130
       117
       141
       131
       135
       122
       118
       132
       123
       143
       113
       115
       120
       137
       121
       115
       128
       129
       131
       148
       132
       127
       136
       125
       138
       132
       131
       137
       136
        98
       128
       122
       121
       109
       127
       136
       123
       129
       113
       118
       123
       128
       118
       112
       116
       107
       108
       128
       108
       106
        99
       106
       111
       108
       113
       113
       123
       115
       104
        93
       118
       107
       122
        96
       122
       116
       113
       114
       115
       102
       116
       110
       111
       108
       110
        89
       113
       100
       104
       106
       117
       116
        96
       100
        95
        93
       104
       106
        95
       100
        96
        73
        97
       117
        90
        97
       100
       108
        95
        73
        92
        80
        90
        90
        80
        87
       101
        90
        93
       111
        71
       102
        78
        92
        98
       104
       108
        82
        91
        92
       103
        95
        84
        75
       100
        95
        95
        91
        96
        79
        89
        69
        92
        77
        97
        82
        93
        88
       110
        90
        96
        96
        80
        64
        89
        86
        83
        86
        86
        84
        71
        67
        77
        88
        83
        87
        83
        77
        77
        93
        78
        88
        79
        76
        63
        72
        77
        70
        80
        74
        75
        64
        80
        93
        88
        88
        71
        77
        75
        80
        89
        71
        77
        76
        70
        76
        74
        75
        77
        68
        83
        84
        68
        87
        73
        79
        59
        61
        68
        66
        77
        86
        66
        67
        70
        66
        61
        62
        71
        71
        72
        76
        63
        75
        54
        54
        69
        77
        61
        73
        66
        63
        59
        62
        61
        81
        63
        73
        62
        67
        69
        57
        66
        56
        61
        54
        67
        56
        67
        64
        56
        71
        57
        77
        52
        72
        63
        63
        63
        49
        76
        61
        64
        64
        57
        57
        66
        60
        59
        47
        56
        71
        55
        65
        49
        52
        56
        64
        69
        61
        44
        59
        65
        64
        54
        63
        58
        59
        63
        46
        57
        72
        55
        50
        41
        54
        51
        56
        57
        52
        60
        43
        63
        49
        70
        68
        51
        53
        46
        47
        56
        50
        48
        63
        53
        61
        68
        56
        48
        53
        39
        50
        59
        50
        29
        48
        44
        43
        57
        46
        50
        53
        57
        56
        41
        39
        53
        55
        48
        65
        55
        57
        52
        54
        46
        64
        52
        64
        47
        36
        52
        46
        40
        50
        37
        45
        68
        44
        46
        53
        50
        44
        45
        43
        51
        41
        40
        46
        60
        45
        56
        52
        55
        38
        45
        52
        58
        42
        41
        31
        39
        45
        46
        37
        29
        51
        45
        45
        56
        29
        45
        38
        41
        44
        39
        37
        44
        37
        50
        37
        39
        47
        41
        51
        49
        38
        38
        31
        34
        43
        42
        37
        47
        40
        26
        45
        45
        38
        35
        39
        42
        43
        41
        33
        37
        41
        32
        48
        38
        50
        28
        50
        39
        49
        33
        33
        42
        31
        35
        35
        42
        37
        36
        40
        45
        33
        33
        36
        38
        23
        34
        41
        33
        41
        46
        38
        37
        39
        48
        35
        39
        25
        30
        33
        32
        44
        32
        39
        29
        34
        50
        25
        34
        34
        35
        36
        47
        31
        32
        35
        31
        37
        30
        33
        29
        46
        32
        25
        37
        30
        23
        27
        35
        33
        24
        35
        31
        25
        40
        27
        26
        31
        48
        33
        43
        33
        26
        46
        28
        27
        34
        28
        29
        21
        38
        37
        26
        27
        29
        45
        30
        31
        24
        31
        26
        25
        25
        31
        42
        27
        23
        27
        27
        29
        21
        25
        25
        27
        33
        29
        28
        21
        27
        28
        24
        29
        27
        25
        23
        33
        26
        35
        20
        26
        38
        30
        26
        23
        35
        28
        21
        27
        26
        30
        31
        20
        22
        25
        32
        26
        37
        27
        26
        29
        25
        24
        23
        47
        31
        41
        22
        25
        28
        32
        19
        30
        26
        35
        28
        29
        32
        24
        24
        24
        20
        27
        26
        24
        24
        26
        20
        26
        23
        26
        22
        24
        21
        24
        30
        32
        22
        21
        23
        25
        26
        29
        21
        22
        26
        26
        17
        29
        15
        24
        23
        16
        17
        22
        27
        29
        22
        16
        18
        25
        23
        22
        27
        13
        22
        22
        20
        23
        29
        24
        24
        20
        22
        30
        25
        28
        27
        16
        35
        20
        25
        26
        22
        20
        19
        21
        14
        24
        14
        18
        28
        26
        31
        18
        17
        23
        28
        14
        20
        23
        20
        15
        13
        18
        18
        27
        25
        25
        28
        14
        21
        19
        24
        19
        16
        23
        13
        17
        17
        24
        17
        23
        19
        19
        24
        12
        20
        20
        28
        20
        15
        23
        26
        13
        24
        14
        19
        19
        18
        16
        13
        24
        24
        15
        18
        21
        18
        13
        16
        18
        15
        19
        16
        19
        15
        19
        22
        19
        26
        18
        10
        19
        18
        22
         8
        16
        17
        20
        21
        19
        14
        16
        16
        20
        15
        28
        10
        24
        17
        27
        15
        17
        18
        12
        12
        12
        15
        19
        21
        18
        19
        17
        14
        17
        22
        22
        18
        21
        13
        15
        14
        16
        16
        17
        23
        16
        18
        17
        21
        13
        12
        15
        10
        13
        13
         8
        16
        22
        10
        16
        24
        15
        15
        14
        19
        16
        14
        14
        22
        14
        23
        23
        21
        18
        17
        13
        10
        20
        15
        12
        16
        11
        19
         9
        16
        16
        18
        25
        20
        31
         7
        10
        15
        18
        21
        14
        14
        12
        16
        13
        16
        10
        17
        22
        14
        11
        13
        12
        13
        14
        19
        15
        12
        15
        16
        14
        19
         7
        14
        18
        14
        11
         9
        22
        20
        12
        22
        15
         8
        14
        10
        12
        13
        12
        14
        14
        16
        11
        14
         8
        15
        13
        11
        12
        10
        15
        16
        19
        11
         9
        13
        13
        12
        13
         9
        12
        16
        10
        16
         9
        13
        17
        13
        10
        12
        18
        14
        15
        13
        13
         8
        14
        10
        15
         6
        10
        15
        13
         9
        13
        14
        13
        13
         7
        11
        13
         6
        16
        14
        11
        11
        12
        13
        13
        16
         5
        10
        15
        12
        12
        10
         8
        12
        10
        14
        14
        11
        13
         7
        13
        12
        12
        12
         9
         9
         5
        11
         9
        10
        10
         8
        12
         9
        12
         8
        11
        17
         9
        12
         6
         7
        12
        12
        10
        18
         3
        11
        10
         9
        18
        14
         7
        11
        13
        13
        17
        11
        17
        10
         5
        15
         6
         9
        16
        17
         8
        10
        11
         8
        13
         8
        13
         5
         9
        10
        13
        16
         9
        10
        12
         9
         6
        16
         9
        13
        16
        13
         8
         4
         5
        11
        17
        14
        10
         9
        13
        11
        12
         4
        11
        14
        15
        11
        10
        13
         9
        16
        10
        16
         8
         3
         6
         8
        12
         8
         9
        14
        11
        10
        15
        11
         7
         7
        13
         9
        13
         8
         8
        14
         9
        12
         5
         5
         6
        10
        10
        16
         5
         7
         7
        12
         7
        11
         9
        10
         4
         8
         6
         6
        12
         5
         8
         8
         4
         7
        14
        15
         9
         5
         3
         5
         6
         8
         8
         6
        10
         7
         8
         6
         7
         8
         4
         4
         5
         6
        12
         9
         8
         5
         8
         5
         9
         9
         7
         5
         6
         6
         9
         6
         9
         6
         7
         6
        11
         3
         7
         8
        11
         8
         2
         6
         7
         9
         6
         9
         7
        11
         3
         5
         5
         8
         8
         8
         6
         6
        11
        10
         8
         7
         3
         4
         5
         7
         4
         6
         5
         7
         9
         7
         2
         7
         7
         7
         9
         7
         3
         7
         7
         8
         8
         6
         6
         8
         5
         4
         3
         8
        12
         8
         6
         2
         4
         4
         9
         4
         7
         7
        15
         8
         9
         8
         6
         9
         9
         6
         8
         6
         4
         7
         2
        15
        12
         3
         9
        10
         8
         7
        10
         2
         4
         7
         5
         2
        12
         4
         5
         9
         5
         9
         7
         5
         7
         6
         6
         4
         3
         2
         6
         6
         6
        11
         7
         6
        11
         5
         4
         7
         5
         4
         8
         3
         5
         4
         5
         8
         3
         5
         5
         6
         4
         7
         5
         3
         3
         8
         7
         5
         5
         3
         4
         7
         3
         6
         4
         6
         7
         6
         7
         3
         5
         4
         3
         8
         6
         2
         5
         4
         4
         7
         3
         5
         4
         7
         4
         1
         5
         3
         6
         5
         6
         5
         2
         8
         6
         2
         2
         3
         4
         6
         6
         2
         6
         7
         3
         3
         4
         5
         4
         7
         6
         7
         4
         9
         3
         2
         6
         6
         5
        10
         6
         5
         3
         8
         3
         4
         3
         5
         4
         4
         6
         5
         5
         6
         4
         4
         6
         4
         6
         7
         4
         3
         5
         3
         6
         6
         6
         5
         5
         2
         3
         8
         4
         5
         3
         5
         4
         2
         8
         8
         5
         2
         6
         2
         5
         7
         2
         5
         4
         7
         5
         4
         6
         1
         1
         5
         7
         4
         3
         1
         6
         2
         4
         7
         6
         6
         2
         3
         8
         4
         4
         3
         7
         1
         3
         4
         6
         4
         7
         6
         2
         0
         5
         2
         8
         6
         2
         3
         5
         7
         4
         5
         8
         1
         2
         6
         3
         3
         4
         4
         3
         2
         3
         5
         2
         6
         5
         5
         3
         7
         3
         1
         1
         1
         6
         0
         1
         2
         9
         3
         5
         4
         4
         6
         3
         3
         4
         4
         1
         2
         4
         2
         3
         6
         4
         5
         3
         6
         0
         6
         5
         2
         2
         2
         6
         2
         5
         4
         2
         4
         4
         0
         2
         2
         2
         4
         2
         3
         2
         3
         2
         4
         4
         4
         3
         2
         2
         4
         4
         5
         5
         6
         3
         1
         2
         1
         8
         5
         2
         3
         1
         4
         3
         2
         5
         4
         3
         9
         3
         1
         2
         7
         4
         6
         4
         4
         2
         8
         1
         1
         8
         3
         0
         4
         3
         4
         2
         2
         4
         4
         8
         4
         3
         4
         3
         0
         0
         2
         1
         1
         1
         1
         7
         2
         4
         3
         1
         0
         4
         3
         0
         1
         2
         3
         1
         4
         1
         2
         5
         3
         2
         3
         5
         2
         2
         3
         7
         3
         3
         1
         2
         2
         3
         4
         3
         2
         7
         4
         2
         1
         2
         1
         3
         3
         2
         3
         5
         1
         1
         4
         4
         2
         3
         4
         7
         1
         1
         5
         4
         0
         4
         2
         0
         2
         6
         3
         4
         2
         2
         3
         1
         4
         1
         0
         2
         2
         4
         5
         2
         2
         3
         5
         3
         3
         2
         2
         2
         2
         4
         1
         4
         2
         1
         3
         2
         3
         2
         3
         2
         2
         4
         2
         2
         2
         4
         1
         1
         2
         1
         1
         1
         2
         2
         3
         5
         2
         2
         1
         2
         3
         3
         3
         2
         0
         3
         2
         8
         1
         3
         3
         2
         3
         2
         3
         1
         5
         1
         1
         2
         4
         4
         2
         2
         2
         0
         1
         1
         4
         2
         0
         0
         3
         0
         1
         2
         1
         1
         2
         6
         2
         3
         2
         4
         0
         1
         2
         2
         4
         3
         5
         2
         2
         3
         1
         0
         2
         3
         4
         1
         6
         0
         3
         3
         5
         1
         1
         3
         3
         2
         6
         3
         2
         3
         3
         2
         1
         3
         1
         2
         3
         2
         3
         2
         1
         0
         3
         2
         2
         2
         7
         2
         3
         1
         1
         1
         0
         3
         3
         2
         1
         5
         3
         2
         2
         2
         2
         1
         4
         0
         2
         2
         0
         2
         3
         1
         3
         3
         2
         0
         2
         1
         3
         4
         3
         0
         3
         1
         3
         1
         0
         1
         5
         1
         0
         2
         0
         4
         2
         4
         3
         0
         2
         3
         0
         1
         5
         4
         1
         1
         1
         3
         2
         2
         1
         3
         5
         1
         2
         0
         2
         3
         2
         4
         2
         0
         2
         5
         2
         1
         1
         4
         2
         2
         0
         2
         1
         4
         1
         0
         3
         1
         3
         1
         1
         3
         2
         4
         1
         3
         2
         1
         0
         2
         1
         1
         4
         1
         4
         1
         0
         2
         2
         3
         3
         3
         1
         0
         3
         0
         2
         0
         2
         2
         2
         0
         2
         4
         0
         1
         0
         0
         1
         1
         0
         4
         3
         3
         3
         3
         2
         4
         1
         1
         7
         2
         0
         1
         1
         0
         2
         1
         1
         0
         3
         2
         3
         2
         3
         1
         2
         0
         3
         4
         2
         0
         1
         0
         4
         1
         4
         1
         2
         0
         1
         0
         2
         1
         1
         2
         3
         2
         2
         0
         1
         1
         1
         1
         0
         3
         3
         0
         3
         1
         1
         1
         1
         3
         3
         0
         3
         0
         1
         4
         2
         2
         0
         2
         2
         0
         4
         2
         0
         1
         0
         0
         0
         0
         1
         1
         3
         1
         1
         1
         2
         3
         0
         2
         3
         1
         2
         1
         0
         1
         0
         0
         0
         0
         4
         1
         3
         2
         5
         0
         1
         1
         0
         0
         2
         1
         0
         0
         1
         1
         3
         0
         1
         1
         0
         0
         1
         1
         1
         2
         0
         3
         1
         1
         2
         1
         3
         2
         1
         1
         1
         0
         2
         3
         0
         5
         2
         1
         2
         2
         3
         3
         1
         1
         0
         1
         1
         1
         3
         2
         4
         1
         2
         0
         2
         1
         0
         2
         2
         2
         2
         1
         1
         1
         0
         3
         3
         1
         1
         0
         1
         2
         2
         4
         3
         0
         1
         1
         3
         0
         1
         0
         1
         2
         1
         0
         0
         3
         2
         0
         3
         3
         1
         0
         0
         1
         1
         1
         1
         1
         1
         3
         1
         3
         1
         2
         0
         2
         2
         1
         3
         0
         1
         1
         0
         0
         0
         2
         1
         2
         3
         1
         2
         3
         2
         1
         2
         1
         0
         0
         0
         1
         0
         0
         0
         2
         1
         0
         1
         0
         1
         1
         1
         3
         1
         0
         1
         0
         0
         0
         1
         1
         1
         0
         1
         3
         2
         1
         1
         0
         1
         2
         0
         0
         1
         0
         2
         1
         2
         1
         1
         2
         2
         1
         0
         0
         0
         1
         1
         2
         1
         2
         2
         3
         1
         1
         2
         3
         2
         1
         0
         1
         1
         2
         1
         2
         2
         3
         1
         3
         1
         1
         1
         0
         0
         1
         1
         0
         0
         2
         1
         0
         0
         0
         0
         1
         1
         1
         5
         3
         0
         2
         0
         2
         3
         3
         3
         1
         1
         2
         0
         0
         1
         3
         0
         1
         0
         1
         2
         1
         1
         2
         1
         1
         1
         2
         1
         0
         2
         1
         1
         0
         3
         1
         2
         1
         2
         3
         2
         0
         1
         2
         1
         1
         1
         0
         0
         1
         0
         3
         1
         2
         0
         0
         1
         4
         2
         3
         1
         1
         1
         1
         2
         2
         3
         1
         0
         0
         0
         1
         1
         0
         2
         3
         0
         1
         1
         0
         0
         2
         1
         2
         0
         0
         0
         0
         0
         0
         0
         0
         1
         1
         0
         4
         0
         1
         1
         0
         1
         1
         2
         0
         1
         0
         0
         1
         0
         2
         3
         1
         3
         0
         2
         1
         1
         0
         1
         3
         0
         1
         1
         4
         1
         0
         2
         0
         0
         1
         1
         1
         1
         1
         0
         3
         2
         1
         2
         1
         1
         1
         1
         0
         1
         1
         1
         1
         0
         0
         3
         1
         2
         1
         1
         2
         1
         1
         1
         1
         0
         3
         1
         1
         1
         0
         1
         1
         2
         1
         0
         0
         0
         0
         4
         0
         1
         0
         0
         1
         1
         2
         0
         1
         0
         2
         2
         1
         0
         0
         1
         2
         0
         2
         0
         0
         0
         1
         0
         1
         0
         0
         0
         0
         2
         0
         2
         0
         0
         0
         0
         0
         0
         2
         1
         1
         0
         0
         0
         0
         1
         1
         1
         1
         0
         2
         1
         0
         0
         0
         0
         1
         2
         1
         1
         2
         0
         1
         0
         1
         1
         0
         1
         1
         1
         3
         2
         1
         2
         3
         1
         0
         0
         0
         1
         3
         1
         0
         0
         0
         1
         0
         0
         0
         2
         0
         1
         0
         1
         0
         1
         0
         0
         2
         1
         0
         0
         0
         1
         2
         1
         4
         0
         3
         1
         4
         3
         0
         0
         0
         1
         0
         0
         0
         0
         0
         1
         1
         0
         1
         0
         2
         3
         1
         0
         2
         0
         0
         1
         2
         2
         2
         0
         2
         1
         0
         1
         0
         0
         1
         0
         0
         2
         2
         1
         1
         1
         0
         1
         1
         0
         2
         1
         1
         0
         0
         1
         1
         1
         0
         0
         0
         1
         0
         1
         1
         2
         0
         1
         0
         0
         1
         0
         2
         1
         1
         0
         0
         1
         2
         1
         0
         1
         1
         1
         1
         2
         1
         0
         0
         2
         0
         0
         2
         1
         1
         0
         1
         0
         2
         0
         0
         0
         0
         1
         3
         2
         0
         0
         1
         0
         4
         1
         0
         1
         0
         1
         0
         1
         2
         1
         1
         2
         0
         1
         0
         0
         0
         1
         0
         0
         1
         0
         1
         1
         0
         1
         1
         1
         1
         0
         0
         1
         0
         0
         1
         0
         1
         0
         1
         0
         0
         1
         0
         2
         1
         2
         1
         0
         2
         1
         0
         0
         0
         0
         1
         0
         0
         1
         3
         1
         3
         1
         2
         0
         1
         0
         3
         0
         2
         0
         0
         2
         0
         2
         0
         0
         1
         1
         1
         0
         0
         0
         2
         3
         2
         2
         1
         1
         0
         0
         0
         1
         2
         1
         1
         0
         1
         1
         1
         1
         1
         2
         0
         0
         1
         1
         0
         3
         0
         2
         0
         0
         1
         1
         0
         0
         1
         0
         0
         2
         3
         0
         0
         1
         0
         1
         0
         0
         0
         2
         1
         0
         4
         2
         0
         0
         0
         1
         1
         2
         1
         1
         2
         1
         0
         1
         1
         2
         0
         1
         0
         1
         1
         0
         2
         2
         2
         0
         1
         1
         1
         0
         0
         2
         0
         1
         0
         1
         0
         0
         1
         1
         1
         0
         0
         0
         0
         0
         2
         1
         0
         1
         0
         1
         1
         0
         0
         0
         1
         3
         0
         0
         2
         0
         0
         0
         0
         0
         0
         1
         0
         1
         1
         1
         1
         0
         1
         0
         0
         0
         1
         1
         1
         1
         0
         2
         0
         0
         0
         0
         1
         1
         1
         1
         1
         0
         2
         1
         0
         0
         0
         0
         1
         0
         1
         0
         3
         0
         0
         2
         0
         0
         1
         0
         0
         0
         1
         1
         1
         2
         1
         1
         1
         0
         1
         0
         0
         0
         0
         0
         1
         0
         0
         0
         0
         0
         1
         1
         0
         1
         0
         1
         2
         2
         1
         2
         0
         0
         0
         1
         1
         0
         0
         0
         0
         2
         1
         2
         0
         0
         1
         1
         0
         1
         4
         0
         2
         1
         1
         0
         2
         0
         0
         1
         0
         0
         0
         1
         0
         0
         2
         2
         1
         0
         0
         0
         0
         0
         0
         0
         0
         1
         1
         0
         0
         2
         0
         0
         0
         1
         1
         0
         0
         0
         1
         0
         0
         0
         2
         0
         0
         0
         0
         1
         1
         0
         1
         2
         0
         1
         0
         3
         0
         0
         1
         1
         0
         0
         0
         0
         0
         0
         1
         0
         0
         0
         1
         0
         1
         1
         2
         1
         3
         0
         0
         0
         0
         0
         0
         1
         1
         0
         1
         0
         0
         0
         0
         0
         0
         0
         2
         1
         0
         1
         0
         1
         0
         0
         0
         0
         2
         1
         0
         0
         3
         1
         1
         0
         1
         0
         0
         1
         0
         0
         2
         0
         0
         0
         0
         0
         0
         0
         0
         0
         0
         2
         1
         2
         2
         0
         0
         1
         0
         0
         0
         0
         2
         1
         2
         0
         0
         1
         1
         0
         4
         0
         2
         2
         0
         1
         0
         2
         1
         0
         0
         0
         0
         0
         1
         0
         2
         0
         0
         1
         1
         0
         0
         1
         1
         2
         2
         1
         2
         1
         0
         1
         1
         0
         3
         2
         0
         0
         2
         0
         0
         1
         1
         1
         0
         0
         1
         0
         0
         1
         0
         0
         1
         0
         2
         0
         1
         0
         0
         0
         1
         2
         0
         0
         1
         1
         1
         2
         1
         1
         2
         1
         0
         1
         0
         1
         2
         0
         1
         3
         1
         1
         1
         2
         0
         2
         2
         0
         0
         1
         1
         0
         0
         3
         0
         1
         0
         0
         2
         1
         1
         0
         1
         2
         1
         0
         2
         3
         1
         0
         0
         1
         0
         0
         1
         2
         1
         0
         1
         0
         0
         1
         0
         1
         0
         2
         1
         1
         1
         1
         0
         1
         0
         1
         0
         0
         2
         0
         1
         0
         1
         1
         1
         1
         0
         1
         2
         0
         0
         0
         0
         0
         0
         0
         1
         1
         0
         0
         2
         1
         1
         0
         1
         0
         1
         1
         0
         1
         1
         0
         1
         0
         2
         1
         1
         0
         0
         1
         1
         0
         0
         1
         2
         1
         0
         0
         0
         0
         0
         0
         0
         2
         0
         0
         2
         2
         0
         0
         1
         1
         0
         0
         2
         0
         0
         0
         0
         0
         0
         0
         1
         0
         0
         0
         0
         1
         1
         2
         1
         2
         0
         1
         1
         0
         1
         2
         2
         0
         0
         0
         1
         0
         2
         0
         1
         0
         1
         1
         1
         0
         0
         0
         0
         2
         0
         0
         1
         1
         0
         0
         2
         0
         0
         0
         1
         2
         0
         0
         0
         1
         1
         0
         0
         0
         0
         1
         1
         0
         0
         1
         0
         1
         0
         0
         1
         0
         0
         1
         0
         0
         0
         1
         0
         0
         0
         1
         0
         0
         1
         0
         1
         0
         0
         2
         0
         2
         1
         1
         2
         2
         0
         0
         0
         1
         2
         0
         0
         2
         0
         0
         0
         2
         1
         1
         0
         1
         1
         0
         1
         0
         1
         1
         1
         1
         0
         0
         1
         0
         2
         0
         0
         0
         1
         1
         0
         1
         2
         0
         0
         0
         0
         1
         0
         0
         2
         1
         1
         0
         1
         0
         1
         1
         1
         1
         0
         0
         1
         0
         0
         1
         2
         1
         0
         0
         0
         0
         0
         0
         1
         0
         0
         0
         2
         3
         0
         0
         2
         0
         1
         1
         3
         0
         0
         1
         1
         0
         1
         0
         1
         0
         1
         0
         0
         2
         0
         0
         1
         0
         1
         0
         1
         1
         0
         0
         0
         1
         0
         0
         0
         0
         1
         2
         1
         0
         0
         1
         1
         1
         0
         0
         0
         0
         0
         1
         0
         0
         0
         3
         0
         0
         0
         0
         0
         0
         0
         2
         0
         0
         1
         0
         0
         0
         2
         1
         0
         1
         0
         0
         0
         0
         0
         0
         1
         0
         2
         0
         2
         0
         1
         1
         2
         0
         0
         0
         2
         0
         0
         0
         0
         0
         2
         1
         2
         0
         0
         1
         0
         1
         1
         1
         1
         0
         1
         0
         0
         0
         1
         2
         0
         0
         0
         1
         1
         0
         0
         1
         2
         1
         1
         0
         0
         0
         2
         1
         2
         1
         3
         1
         0
         0
         1
         1
         0
         0
         0
         2
         0
         0
         2
         1
         0
         2
         1
         0
         0
         1
         0
         0
         0
         4
         1
         1
         2
         0
         1
         0
         1
         4
         2
         2
         1
         0
         1
         0
         0
         1
         0
         0
         0
         1
         0
         0
         1
         0
         1
         1
         0
         1
         1
         0
         1
         0
         3
         0
         0
         1
         1
         0
         1
         0
         1
         0
         0
         0
         0
         1
         1
         0
         0
         0
         0
         0
         0
         0
         0
         1
         0
         2
         0
         1
         0
         0
         1
         1
         1
         0
         0
         0
         0
         1
         0
         1
         1
         0
         0
         1
         0
         1
         1
         0
         0
         1
         0
         0
         0
         0
         1
         0
         1
         0
         0
         2
         0
         1
         0
         1
         1
         0
         2
         0
         2
         0
         1
         0
         1
         0
         0
         1
         0
         0
         1
         0
         0
         0
         0
         0
         0
         1
         2
         1
         2
         0
         0
         1
         0
         0
         1
         1
         1
         0
         1
         1
         2
         0
         2
         0
         1
         0
         3
         1
         1
         1
         1
         0
         0
         0
         1
         1
         0
         2
         2
         0
         1
         0
         0
         0
         0
         2
         0
         0
         0
         1
         2
         0
         0
         0
         1
         0
         2
         3
         0
         0
         1
         2
         0
         0
         2
         0
         0
         1
         1
         1
         1
         0
         0
         0
         1
         0
         0
         0
         1
         1
         0
         1
         1
         0
         0
         0
         0
         0
         0
         1
         0
         0
         0
         0
         0
         1
         2
         0
         1
         3
         0
         2
         0
         1
         1
         2
         1
         0
         0
         0
         0
         0
         1
         2
         0
         1
         0
         2
         0
         3
         0
         1
         3
         0
         0
         1
         0
         0
         0
         0
         0
         3
         1
         2
         1
         1
         1
         0
         0
         0
         0
         0
         2
         0
         0
         0
         1
         1
         0
         1
         1
         3
         1
         0
         3
         1
         0
         0
         1
         2
         0
         0
         1
         0
         0
         0
         0
         0
         0
         0
         0
         0
         0
         0
         0
         0
         0
         0
         0
         0
         0
         0
         0
         0
         0
         0
         0
         0
         0
         0
         0
         0
         0
         0
         0
         0
      0
     0
     0
     0
     0
     0
     0
     0
     	0
         0
         0
         0
         0
