C:\Documents and Settings\studenti\Desktop\dede\30_5_2016.txt

DATE:
30/5/2016
TIME:
352360.9 352360.9
DATA:
0 4096
         0
         0
         0
         0
         0
         0
         0
         0
         0
         0
         0
         0
         0
         0
         0
         0
         0
         0
         0
         0
         0
         0
         0
         0
         0
         0
         0
         0
         0
         0
         0
         0
         0
         0
         0
         0
         0
         0
         0
         0
         0
         0
         0
         0
         0
         0
         0
         0
         0
         0
         0
         0
         0
         0
         0
         0
         0
         0
         0
         0
         0
         0
         0
         0
         0
         0
         0
         0
         0
         0
         0
         0
         0
         0
         0
         0
         0
         0
         0
         0
         0
         0
         0
         0
         0
         0
         0
         0
         0
         0
         0
         0
         0
         0
         0
         0
         0
         0
         0
         0
         0
         0
         0
         0
         0
         0
         0
         0
         0
         0
         0
         0
         0
         0
         0
         0
         0
         0
         0
         0
         0
         0
         0
         0
         0
         0
         0
         0
         0
         0
         0
         0
         0
         0
         0
         0
         0
         0
         0
         0
         0
         0
         0
         0
         0
         0
         0
         0
         0
         0
         0
         0
         8
        38
         9
         0
         0
         0
         0
         0
         0
         0
         0
         0
         0
         0
         0
        49
       108
       131
       120
       119
       118
       109
       143
       136
       131
        99
       129
       116
       118
       138
       133
       117
       113
       136
       119
       122
       128
        96
       124
       119
       100
       108
       102
       124
       132
       117
       112
       101
       128
       119
       139
       119
       112
       133
       150
       101
       119
       142
       115
       103
       101
       114
       108
        99
        89
        99
       102
       111
        98
       107
       107
       106
        86
       104
        92
        99
       133
       102
       110
       101
        94
       100
       110
        96
        99
        95
       107
       112
        95
        98
       111
        92
        98
       104
       103
        97
        95
        89
       102
       101
       104
        87
       104
       116
       101
       109
        95
        84
       106
       100
        81
        87
        96
        86
        92
        80
        84
       102
       100
        93
        78
        91
        72
        89
       107
        78
        98
        75
        78
        78
        86
        86
        87
        85
        89
        93
        94
        86
        77
        85
        62
        89
        77
        87
        83
        93
        85
        80
        72
        82
        85
        72
        77
        67
       105
        81
        88
        71
        60
        77
        73
        75
        83
        80
        80
        75
        66
        73
        77
        71
        67
        70
        66
        73
        90
        70
        83
       100
        73
        78
        78
        91
        65
        79
        80
        67
        85
        74
        75
        79
        65
        69
        86
        73
        68
        57
        78
        76
        79
        80
        60
        67
        74
        69
        65
        74
        62
        64
        59
        74
        73
        70
        55
        65
        84
        68
        68
        77
        89
        74
        74
        61
        67
        50
        77
        63
        76
        69
        47
        72
        60
        61
        57
        52
        73
        62
        62
        65
        55
        69
        48
        87
        64
        63
        62
        63
        59
        60
        63
        64
        58
        57
        52
        64
        64
        66
        62
        46
        47
        63
        58
        54
        70
        47
        67
        58
        57
        53
        58
        60
        53
        65
        55
        46
        45
        51
        62
        57
        54
        47
        56
        58
        53
        58
        51
        59
        56
        51
        50
        41
        62
        66
        56
        51
        63
        49
        46
        45
        50
        43
        50
        41
        59
        48
        46
        51
        50
        57
        49
        58
        51
        47
        43
        44
        49
        38
        51
        49
        39
        52
        55
        52
        50
        50
        47
        49
        38
        41
        43
        53
        46
        41
        42
        46
        61
        41
        48
        56
        44
        48
        48
        40
        38
        48
        45
        42
        43
        44
        57
        50
        40
        47
        54
        47
        47
        48
        41
        47
        45
        41
        37
        49
        47
        44
        45
        48
        54
        36
        45
        51
        40
        45
        41
        49
        53
        44
        50
        61
        36
        50
        46
        46
        45
        47
        44
        36
        38
        43
        47
        35
        36
        42
        37
        47
        38
        45
        37
        31
        45
        38
        31
        40
        40
        42
        30
        36
        38
        32
        45
        33
        38
        34
        33
        44
        35
        31
        33
        29
        39
        45
        40
        54
        34
        36
        35
        40
        50
        29
        39
        42
        36
        31
        30
        32
        37
        36
        45
        44
        30
        38
        43
        26
        31
        45
        39
        25
        30
        39
        35
        45
        22
        38
        33
        42
        32
        38
        33
        32
        27
        37
        35
        39
        33
        26
        27
        48
        27
        33
        40
        25
        28
        27
        39
        27
        38
        34
        29
        27
        34
        41
        30
        34
        31
        43
        33
        26
        33
        27
        34
        32
        32
        25
        27
        22
        33
        29
        23
        37
        33
        39
        34
        34
        32
        31
        36
        26
        42
        33
        27
        22
        34
        29
        33
        27
        35
        35
        28
        32
        30
        32
        29
        29
        35
        25
        34
        15
        29
        18
        27
        23
        31
        26
        26
        35
        19
        28
        22
        37
        27
        21
        23
        35
        24
        25
        37
        34
        23
        31
        23
        20
        37
        20
        21
        29
        22
        19
        26
        20
        21
        19
        23
        31
        29
        29
        30
        22
        36
        28
        29
        22
        23
        27
        25
        18
        39
        28
        27
        35
        34
        24
        17
        12
        17
        25
        30
        21
        23
        31
        15
        18
        17
        29
        27
        29
        24
        18
        26
        29
        21
        26
        25
        20
        30
        26
        22
        30
        22
        24
        31
        27
        22
        29
        20
        24
        34
        17
        22
        20
        17
        30
        16
        24
        24
        27
        20
        14
        27
        17
        19
        20
        31
        19
        23
        14
        25
        27
        19
        17
        11
        26
        14
        22
        13
        23
        19
        19
        27
        22
        25
        29
        24
        36
        29
        17
        20
        16
        26
        14
        31
        19
        12
        22
        24
        17
        23
        22
        25
        20
        23
        19
        23
        10
        20
        18
        19
        23
        21
        18
        22
        14
        13
        27
        17
        22
        15
        18
        18
        23
        15
        16
        17
        13
        21
        18
        16
        18
        20
        19
        21
        16
        21
        18
        13
        15
        15
        16
        20
        18
        20
        17
        14
        16
        22
        21
        23
        15
        25
        20
        20
        14
        18
        24
        15
        21
        11
        23
        15
        21
        17
        16
        17
        13
        25
        22
        15
        12
        15
        17
        25
        19
        20
        18
        16
         9
        17
        10
        19
        18
        14
        25
        21
        18
        19
        15
        21
        15
        16
        19
        21
        14
        15
        17
        13
        13
        16
        17
        15
        11
        13
        12
        14
        23
        14
        17
        12
        17
        18
        11
        10
        12
        17
        14
        18
        12
        13
        15
        14
        16
        28
        21
        16
        12
        22
        13
        21
        14
        17
        13
         7
        13
        18
        15
        14
        15
        15
        17
        14
        16
        11
        15
        22
        16
        16
        11
        15
         9
        13
        13
        14
        17
         9
        16
        13
        17
        14
         7
        17
        13
        11
         9
        12
        13
        17
        15
         5
         9
        14
        22
        12
         9
        15
        14
        16
        13
        13
        13
         6
        12
        15
         9
         9
        16
        14
        19
        14
        19
        14
         9
        11
         8
         7
        15
        11
         9
        14
         5
        16
        21
        11
        15
         9
        15
         8
         4
        10
        14
        10
        15
         6
         8
        22
        14
        11
         8
        12
         9
        18
        11
        13
        10
        13
         4
        14
        12
         5
         8
        13
        10
        16
        21
        12
         9
         8
        12
        17
         4
         5
        16
        13
        10
         6
        12
        11
        13
         7
         7
        13
        13
        10
        13
        14
        12
         3
        10
         5
         9
        11
        18
        12
         5
         7
        10
         6
         5
         8
        10
         8
        12
         8
        13
        12
         7
         9
         6
         5
         8
         9
        10
        14
        13
        11
         7
        10
        10
         8
        14
         9
        12
         6
         9
        11
        12
        14
         8
         7
        10
        10
         9
         7
         7
        10
         7
        16
        12
         5
         5
         9
         6
        12
         1
        13
        13
         7
         6
        10
         8
        10
         4
         7
         9
         7
         8
         9
        14
        10
        14
        13
        10
        10
         4
         4
         9
        11
         7
        10
        13
         9
         9
         9
         7
        14
        10
        11
         6
         6
         9
         7
         7
         9
        10
         5
         4
         3
         8
        12
        10
        13
         9
         4
         5
         3
        11
         6
         7
         4
        12
         9
         6
        11
         5
        13
         7
         8
         4
         5
         7
         7
        10
        10
         7
        10
        13
         6
         7
         7
         3
         8
         7
         5
         7
         2
        13
         7
        12
         5
         9
         7
         4
         9
        10
         7
         7
         8
         6
        11
         8
         9
         6
         8
         9
         8
         9
         6
         6
         6
         9
         6
         7
         6
         6
         9
         4
         7
         8
         4
         7
         6
         4
        10
         8
        11
        16
         7
         4
         7
         8
         9
         5
         3
         8
         3
         3
        10
         8
         7
         7
         7
         1
         8
         8
         6
         7
        10
         6
         5
         7
         3
         6
         4
         8
         6
         7
         8
         9
         6
         3
         7
         4
         7
         4
         8
         8
         7
         9
         6
         4
         9
        11
         5
         6
         5
         6
         4
         4
        13
         5
         3
         5
         7
         6
         6
         5
         4
         5
        11
         5
         2
         8
        10
         9
         3
         7
         5
         4
         5
         3
         6
         3
         5
         2
         8
         3
         3
         3
         4
         7
         5
         9
         4
         5
         5
         6
         6
         6
         5
         6
         5
         6
         9
         6
         4
         7
         5
         7
         2
         8
         3
         6
         7
         5
         8
         1
         7
         9
         4
         7
         7
         6
         5
         7
        11
         7
         4
         4
         2
         5
         7
         3
         4
         6
         3
         4
         4
         4
         8
         4
         2
         8
         3
         5
         7
         9
         3
         6
         8
         6
         4
         5
         5
         4
         6
         2
         2
         3
         5
         5
         7
         6
         4
         5
         2
         5
         2
         4
        10
         6
         3
         5
         6
         4
         2
         5
         6
         2
         4
         4
         4
         1
         4
         7
         5
         3
         3
         2
         3
        10
         7
         4
         8
         5
         7
         8
         4
         5
         2
         4
         7
         4
         3
         1
         4
         5
         9
         5
         7
         1
         6
         2
         6
         2
         2
         7
         4
         3
         7
         5
         2
         5
         7
         5
         3
         2
         5
         4
        10
         1
         3
         3
         1
         3
         5
         3
         8
         1
         3
         9
         4
         3
         2
         5
         7
         2
         3
         3
         6
         6
         5
         0
         2
         4
         5
         6
         7
         3
         6
         6
         6
         3
         5
         6
         2
         4
         3
         8
         5
         7
         6
         2
         0
         5
         2
         5
         2
         6
         3
         6
         6
         2
         7
         4
         6
         9
         2
         4
         5
         4
         3
         2
         4
         6
         6
         3
         5
         4
         4
         6
         3
         5
         2
         6
         4
         5
         5
         1
         1
         4
         1
         3
         5
         5
         3
         4
         1
         1
         4
         1
         1
         4
         4
         3
         4
         1
         3
         5
         5
         2
         6
         3
         3
         0
         6
         1
         5
         6
         5
         7
         2
         8
         5
         2
         4
         5
         2
         3
         7
         2
         7
         3
         3
         8
         2
         2
         0
         4
         3
         1
         0
         2
         3
         4
         3
         2
         4
         4
         3
         4
         5
         2
         2
         4
         2
         5
         5
         4
         1
         1
         3
         4
         3
         3
         5
         2
         0
         4
         3
         1
         5
         0
         4
         2
         5
         6
         3
         3
         3
         4
         5
         0
         2
         1
         2
         2
         6
         1
         2
         0
         1
         2
         3
         1
         3
         5
         4
         2
         2
         3
         1
         2
         6
         2
         4
         2
         3
         4
         8
         1
         3
         4
         3
         0
         3
         1
         6
         2
         4
         3
         4
         3
         6
         3
         2
         2
         1
         0
         4
         5
         5
         4
         2
         2
         1
         5
         1
         4
         6
         0
         1
         1
         5
         3
         3
         1
         4
         3
         1
         4
         2
         3
         1
         4
         4
         5
         3
         1
         1
         3
         1
         1
         2
         2
         0
         2
         3
         2
         1
         5
         2
         2
         2
         4
         2
         3
         4
         1
         3
         1
         2
         1
         2
         2
         2
         2
         3
         0
         3
         1
         0
         1
         2
         4
         1
         4
         5
         3
         6
         5
         0
         5
         3
         3
         3
         5
         3
         3
         1
         2
         1
         2
         4
         4
         1
         0
         2
         2
         2
         1
         0
         4
         2
         0
         2
         7
         1
         1
         1
         1
         2
         1
         5
         3
         5
         3
         2
         2
         4
         0
         3
         1
         0
         2
         0
         2
         1
         4
         5
         2
         2
         6
         4
         3
         3
         1
         2
         3
         3
         4
         2
         4
         2
         3
         3
         2
         6
         1
         1
         3
         2
         4
         2
         0
         1
         0
         2
         5
         1
         3
         1
         3
         4
         2
         2
         1
         4
         0
         1
         1
         1
         0
         0
         4
         1
         2
         2
         3
         3
         2
         3
         1
         3
         3
         0
         2
         2
         2
         1
         0
         1
         1
         4
         2
         4
         2
         1
         1
         1
         4
         0
         4
         3
         3
         4
         0
         2
         1
         0
         2
         1
         3
         1
         4
         1
         1
         2
         0
         4
         1
         3
         1
         1
         4
         4
         0
         1
         0
         5
         1
         0
         4
         6
         1
         6
         1
         2
         3
         6
         2
         4
         1
         1
         1
         4
         2
         1
         5
         1
         1
         1
         0
         3
         1
         3
         3
         2
         1
         2
         3
         1
         3
         2
         2
         2
         1
         2
         4
         1
         2
         0
         4
         2
         2
         0
         2
         1
         3
         0
         1
         1
         1
         2
         3
         3
         2
         1
         4
         3
         1
         1
         4
         1
         0
         2
         3
         2
         0
         1
         2
         2
         2
         2
         1
         3
         2
         3
         0
         0
         4
         1
         3
         2
         1
         0
         1
         3
         2
         0
         0
         5
         0
         2
         1
         2
         3
         2
         0
         3
         2
         1
         2
         4
         1
         0
         2
         0
         2
         2
         2
         1
         4
         1
         2
         1
         0
         2
         1
         1
         3
         0
         1
         1
         3
         5
         1
         0
         0
         1
         0
         5
         2
         1
         2
         4
         2
         2
         0
         1
         4
         2
         0
         0
         1
         1
         0
         2
         3
         0
         1
         1
         3
         4
         2
         3
         1
         2
         4
         1
         2
         0
         0
         1
         3
         1
         1
         0
         4
         3
         1
         0
         1
         2
         4
         0
         1
         2
         0
         0
         1
         1
         1
         2
         1
         1
         1
         0
         1
         2
         3
         2
         1
         1
         4
         2
         1
         4
         0
         2
         1
         0
         1
         0
         2
         1
         1
         0
         1
         3
         2
         2
         2
         3
         1
         3
         0
         1
         1
         2
         1
         3
         3
         1
         0
         0
         0
         1
         3
         5
         1
         1
         0
         1
         0
         1
         1
         1
         2
         0
         1
         2
         1
         5
         0
         4
         2
         0
         1
         3
         1
         0
         1
         0
         0
         1
         1
         1
         1
         1
         3
         0
         2
         2
         2
         0
         3
         1
         3
         1
         0
         1
         0
         0
         1
         1
         0
         0
         2
         0
         2
         0
         0
         0
         2
         0
         1
         2
         1
         0
         1
         2
         1
         2
         1
         1
         3
         1
         4
         3
         2
         2
         1
         0
         0
         4
         2
         0
         2
         1
         1
         1
         0
         1
         3
         2
         3
         1
         1
         2
         1
         1
         0
         3
         1
         1
         1
         3
         2
         0
         2
         0
         2
         2
         2
         4
         2
         3
         1
         1
         0
         4
         2
         1
         2
         1
         4
         1
         0
         0
         1
         1
         3
         1
         0
         1
         1
         0
         0
         3
         1
         1
         1
         1
         0
         0
         0
         0
         3
         0
         0
         1
         0
         2
         0
         3
         1
         0
         0
         3
         0
         3
         2
         1
         0
         1
         0
         0
         1
         1
         0
         1
         2
         1
         2
         1
         1
         1
         4
         0
         0
         1
         2
         2
         1
         1
         2
         1
         2
         2
         3
         0
         0
         1
         0
         2
         1
         3
         0
         0
         1
         1
         1
         0
         2
         3
         0
         2
         1
         0
         2
         1
         0
         0
         2
         1
         0
         1
         0
         0
         1
         0
         1
         0
         0
         1
         0
         1
         1
         1
         3
         0
         3
         0
         2
         1
         2
         2
         0
         4
         3
         0
         2
         2
         0
         2
         0
         1
         1
         0
         0
         1
         1
         0
         0
         4
         0
         0
         2
         1
         2
         3
         1
         2
         0
         0
         3
         1
         0
         1
         2
         0
         1
         1
         1
         2
         1
         2
         2
         0
         0
         1
         2
         2
         1
         1
         0
         0
         0
         0
         1
         0
         1
         1
         1
         1
         0
         0
         2
         2
         1
         1
         1
         1
         2
         1
         2
         1
         3
         2
         2
         2
         0
         0
         2
         0
         1
         1
         0
         1
         0
         1
         1
         2
         2
         0
         2
         0
         0
         0
         0
         0
         4
         0
         0
         2
         2
         0
         2
         1
         0
         0
         1
         0
         0
         2
         0
         1
         0
         3
         0
         0
         0
         0
         1
         0
         1
         1
         1
         1
         0
         2
         0
         2
         1
         2
         0
         1
         1
         0
         3
         1
         0
         0
         0
         1
         1
         1
         0
         2
         0
         0
         0
         2
         0
         0
         1
         1
         1
         3
         0
         0
         2
         1
         0
         1
         0
         0
         2
         1
         2
         1
         2
         1
         0
         0
         3
         0
         1
         0
         1
         2
         1
         0
         0
         0
         1
         0
         1
         1
         1
         1
         0
         0
         0
         0
         0
         2
         1
         0
         0
         0
         0
         0
         1
         4
         1
         2
         0
         1
         1
         0
         1
         1
         0
         0
         0
         0
         0
         2
         1
         0
         0
         0
         0
         0
         1
         2
         1
         1
         0
         0
         0
         0
         2
         0
         2
         1
         1
         2
         2
         1
         1
         2
         1
         0
         2
         1
         1
         2
         0
         0
         0
         1
         0
         0
         1
         0
         2
         0
         1
         1
         1
         1
         0
         1
         0
         1
         0
         1
         3
         3
         2
         0
         0
         1
         0
         0
         1
         0
         0
         1
         0
         0
         1
         0
         1
         1
         2
         2
         0
         2
         0
         0
         4
         2
         0
         0
         3
         0
         1
         0
         1
         1
         0
         0
         2
         1
         0
         0
         1
         0
         1
         3
         0
         3
         0
         0
         1
         2
         0
         0
         1
         0
         0
         0
         1
         2
         0
         0
         1
         0
         0
         1
         1
         3
         1
         0
         1
         2
         1
         0
         1
         1
         0
         0
         2
         0
         0
         3
         5
         0
         1
         1
         1
         0
         1
         0
         0
         0
         0
         1
         2
         0
         1
         0
         0
         1
         1
         1
         1
         2
         0
         2
         0
         2
         0
         2
         1
         1
         1
         1
         1
         1
         1
         0
         1
         0
         1
         2
         1
         0
         0
         1
         0
         1
         1
         0
         1
         2
         1
         2
         0
         3
         0
         0
         0
         2
         0
         1
         0
         1
         0
         2
         0
         1
         0
         0
         0
         1
         1
         1
         1
         0
         0
         2
         0
         0
         0
         1
         1
         1
         0
         0
         0
         1
         1
         0
         1
         0
         0
         1
         1
         1
         0
         0
         1
         0
         0
         0
         0
         3
         1
         1
         2
         1
         0
         0
         2
         2
         2
         0
         0
         0
         1
         0
         0
         0
         0
         0
         0
         0
         0
         1
         0
         2
         0
         0
         0
         0
         2
         1
         0
         0
         0
         0
         0
         1
         0
         0
         0
         2
         1
         0
         2
         0
         1
         0
         0
         0
         1
         1
         0
         1
         0
         0
         1
         1
         1
         1
         0
         0
         1
         0
         1
         1
         2
         1
         1
         0
         0
         0
         1
         0
         0
         1
         0
         0
         2
         0
         0
         2
         0
         1
         0
         1
         0
         0
         0
         0
         0
         0
         2
         0
         0
         1
         0
         0
         0
         0
         0
         0
         0
         0
         1
         1
         1
         1
         0
         1
         1
         1
         0
         0
         1
         0
         0
         0
         1
         3
         1
         0
         1
         3
         0
         1
         1
         2
         0
         0
         2
         0
         1
         0
         2
         0
         0
         0
         0
         0
         0
         0
         0
         1
         0
         0
         0
         0
         4
         1
         0
         1
         1
         2
         2
         0
         2
         1
         1
         0
         0
         3
         0
         0
         1
         0
         0
         0
         1
         0
         0
         0
         0
         1
         0
         0
         0
         1
         0
         0
         1
         0
         0
         0
         1
         3
         1
         1
         0
         0
         0
         0
         4
         0
         0
         0
         0
         1
         0
         1
         0
         0
         0
         0
         0
         0
         0
         0
         2
         0
         1
         0
         0
         2
         1
         0
         2
         0
         2
         1
         1
         0
         0
         0
         0
         0
         1
         0
         0
         0
         0
         1
         1
         0
         0
         0
         1
         0
         1
         0
         0
         0
         0
         1
         1
         0
         1
         1
         1
         0
         0
         0
         0
         1
         0
         1
         2
         0
         1
         0
         0
         1
         0
         0
         0
         0
         1
         1
         1
         1
         0
         1
         0
         0
         1
         0
         0
         1
         0
         0
         0
         2
         0
         0
         1
         1
         1
         1
         1
         1
         0
         2
         1
         1
         0
         2
         0
         0
         1
         0
         1
         0
         0
         1
         0
         0
         0
         1
         2
         1
         0
         0
         0
         0
         0
         2
         1
         0
         1
         0
         2
         0
         0
         1
         0
         0
         0
         1
         1
         1
         0
         1
         0
         0
         0
         0
         2
         1
         1
         0
         0
         0
         0
         0
         3
         1
         1
         0
         0
         2
         1
         0
         0
         1
         1
         2
         0
         0
         0
         0
         0
         0
         1
         0
         1
         1
         0
         0
         1
         0
         0
         0
         0
         0
         2
         1
         1
         0
         1
         1
         0
         0
         0
         0
         1
         0
         0
         0
         1
         0
         0
         1
         0
         0
         0
         1
         0
         0
         0
         0
         0
         2
         0
         0
         0
         1
         3
         0
         1
         0
         1
         0
         2
         0
         1
         1
         0
         2
         0
         0
         0
         0
         0
         0
         0
         1
         0
         1
         0
         1
         1
         0
         1
         1
         1
         0
         0
         0
         0
         1
         0
         0
         1
         1
         0
         0
         1
         0
         0
         0
         0
         1
         3
         1
         0
         1
         1
         1
         0
         1
         0
         1
         0
         1
         0
         0
         3
         2
         0
         0
         0
         0
         1
         0
         1
         1
         0
         0
         1
         1
         0
         0
         0
         0
         1
         0
         0
         0
         0
         1
         0
         1
         2
         0
         0
         0
         1
         1
         0
         0
         1
         3
         0
         0
         1
         0
         2
         0
         0
         1
         1
         0
         1
         0
         1
         1
         0
         1
         0
         1
         1
         0
         0
         0
         0
         0
         0
         0
         0
         0
         0
         0
         0
         1
         0
         1
         0
         2
         1
         0
         0
         0
         2
         0
         1
         0
         0
         1
         0
         0
         1
         0
         0
         0
         1
         0
         0
         1
         0
         1
         0
         0
         2
         2
         1
         0
         0
         0
         1
         1
         0
         2
         0
         1
         1
         0
         0
         0
         0
         0
         0
         0
         0
         0
         0
         0
         2
         1
         0
         1
         0
         1
         0
         0
         0
         0
         0
         0
         0
         1
         0
         0
         0
         0
         1
         0
         0
         1
         0
         0
         1
         2
         0
         1
         1
         1
         0
         0
         1
         2
         0
         1
         1
         0
         0
         1
         0
         0
         0
         0
         0
         0
         0
         0
         2
         2
         0
         1
         0
         1
         0
         1
         0
         1
         0
         0
         0
         0
         0
         2
         0
         0
         1
         1
         0
         1
         1
         0
         0
         0
         3
         3
         0
         0
         1
         1
         0
         1
         0
         0
         0
         0
         1
         0
         1
         0
         1
         0
         0
         0
         1
         1
         1
         1
         1
         0
         0
         1
         0
         2
         1
         1
         0
         0
         2
         1
         1
         1
         0
         0
         1
         0
         0
         0
         1
         0
         0
         0
         1
         1
         0
         1
         0
         0
         0
         0
         0
         0
         0
         0
         1
         0
         1
         1
         1
         0
         1
         2
         0
         3
         0
         1
         0
         0
         0
         0
         1
         2
         1
         2
         2
         1
         0
         0
         0
         0
         0
         0
         0
         0
         0
         0
         0
         0
         0
         0
         1
         0
         0
         3
         1
         0
         0
         0
         2
         0
         0
         1
         2
         0
         0
         0
         0
         0
         1
         0
         0
         1
         0
         0
         2
         1
         0
         0
         0
         1
         0
         0
         3
         1
         0
         1
         0
         0
         1
         0
         1
         0
         0
         0
         0
         0
         1
         0
         1
         0
         1
         0
         0
         0
         0
         1
         0
         0
         0
         1
         0
         0
         0
         0
         0
         0
         1
         0
         1
         0
         2
         1
         0
         0
         1
         0
         0
         1
         0
         0
         2
         1
         1
         0
         1
         0
         0
         0
         0
         0
         0
         1
         0
         0
         2
         1
         0
         0
         1
         0
         0
         1
         0
         1
         2
         1
         0
         1
         0
         0
         0
         0
         0
         1
         2
         0
         1
         1
         2
         0
         0
         0
         0
         0
         0
         0
         0
         0
         0
         1
         2
         1
         0
         1
         0
         0
         1
         1
         0
         0
         0
         0
         1
         0
         1
         0
         0
         0
         0
         3
         1
         0
         0
         0
         0
         0
         1
         1
         0
         0
         0
         0
         0
         1
         1
         0
         1
         0
         2
         1
         0
         2
         0
         1
         1
         0
         0
         0
         1
         1
         0
         1
         0
         1
         0
         1
         1
         0
         0
         1
         1
         0
         0
         1
         1
         0
         0
         0
         0
         1
         1
         1
         0
         0
         0
         0
         0
         0
         0
         0
         2
         0
         0
         0
         0
         0
         1
         0
         2
         0
         0
         0
         0
         0
         0
         1
         0
         0
         0
         2
         2
         0
         0
         0
         1
         0
         0
         0
         0
         0
         0
         0
         0
         0
         1
         1
         0
         1
         0
         0
         1
         1
         0
         0
         0
         1
         2
         0
         1
         0
         0
         0
         0
         2
         0
         2
         1
         0
         1
         0
         0
         0
         0
         0
         1
         3
         0
         0
         0
         1
         0
         2
         1
         0
         0
         0
         0
         0
         0
         0
         0
         0
         0
         0
         1
         0
         0
         2
         0
         0
         0
         0
         1
         0
         1
         0
         1
         2
         1
         1
         0
         0
         0
         0
         1
         1
         0
         0
         0
         0
         2
         0
         0
         1
         0
         0
         0
         0
         0
         0
         0
         0
         0
         0
         2
         1
         1
         0
         0
         1
         0
         3
         0
         0
         0
         0
         1
         1
         0
         1
         2
         0
         1
         1
         0
         0
         1
         1
         0
         0
         0
         0
         0
         0
         1
         0
         1
         2
         1
         1
         1
         0
         1
         0
         0
         0
         0
         0
         2
         2
         0
         0
         1
         2
         2
         0
         0
         1
         0
         1
         1
         2
         1
         0
         0
         0
         1
         1
         0
         1
         1
         0
         1
         0
         0
         0
         0
         0
         0
         0
         0
         1
         0
         0
         2
         0
         0
         2
         0
         2
         0
         0
         0
         1
         2
         1
         0
         0
         0
         0
         0
         0
         0
         0
         0
         2
         0
         0
         0
         0
         0
         0
         1
         0
         0
         1
         1
         0
         0
         0
         3
         1
         1
         2
         2
         0
         2
         0
         2
         1
         0
         0
         1
         2
         1
         1
         1
         0
         1
         0
         1
         1
         0
         0
         1
         0
         1
         0
         1
         0
         0
         0
         0
         0
         0
         0
         0
         0
         0
         0
         0
         0
         0
         0
         0
         0
         0
         0
         0
         0
         0
         0
         0
         0
         0
         0
         0
         0
         0
         0
         0
         0
         0
         0
         0
         0
         0
         0
         0
         0
         0
         0
         0
