C:\Documents and Settings\studenti\Desktop\dede\START_artificiale_STOP_fisico_17112016.txt

DATE:
6/9/2016
TIME:
84203.8 84207.3
DATA:
0 4096
         0
         0
         0
         0
         0
         0
         0
         0
         0
         0
         0
         0
         0
         0
         0
         0
         0
         0
         0
         0
         0
         0
         0
         0
         0
         0
         0
         0
         0
         0
         0
         0
         0
         0
         0
         0
         0
         0
         0
         0
         0
         0
         0
         0
         0
         0
         0
         0
         0
         0
         0
         0
         0
         0
         0
         0
         0
         0
         0
         0
         0
         0
         0
         0
         0
         0
         0
         0
         0
         0
         0
         0
         0
         0
         0
         0
         0
         0
         0
         0
         0
         0
         0
         0
         0
         0
         0
         0
         0
         0
         0
         0
         0
         0
         0
         0
         0
         0
         0
         0
         0
         0
         0
         0
         0
         0
         0
         0
         0
         0
         0
         0
         0
         0
         0
         0
         0
         0
         0
         0
         0
         0
         0
         0
         0
         0
         0
         0
         0
         0
         0
         0
         0
         0
         0
         0
         0
         0
         0
         0
         0
         0
         0
         0
         0
         0
         0
         0
         0
         0
         0
       241
      5260
      3301
       600
       558
       606
       556
       572
       594
       593
       568
       566
       588
       580
       577
       554
       600
       583
       587
       566
       593
       535
       550
       558
       540
       545
       560
       571
       582
       592
       558
       553
       586
       584
       574
       585
       549
       538
       565
       556
       600
       578
       567
       626
       607
       606
       555
       553
       583
       584
       551
       583
       549
       518
       598
       552
       555
       574
       565
       551
       562
       565
       598
       577
       558
       583
       567
       568
       576
       518
       543
       537
       545
       546
       576
       538
       539
       568
       540
       590
       568
       551
       543
       620
       588
       560
       594
       570
       568
       573
       568
       580
       614
       533
       574
       572
       567
       554
       555
       558
       554
       540
       547
       589
       581
       596
       577
       555
       564
       576
       582
       565
       585
       595
       556
       589
       559
       540
       538
       546
       521
       567
       575
       592
       585
       548
       550
       558
       524
       540
       587
       561
       562
       548
       551
       589
       538
       564
       612
       558
       595
       562
       596
       524
       564
       523
       546
       568
       588
       548
       544
       565
       626
       564
       579
       599
       544
       573
       605
       558
       568
       571
       510
       548
       578
       550
       559
       511
       502
       541
       590
       606
       536
       555
       570
       598
       579
       541
       628
       548
       548
       583
       541
       558
       569
       536
       544
       561
       569
       513
       545
       539
       568
       551
       613
       566
       586
       555
       548
       526
       540
       561
       604
       553
       591
       618
       575
       611
       575
       582
       551
       505
       602
       594
       573
       528
       578
       565
       567
       614
       552
       564
       524
       568
       591
       617
       553
       592
       547
       540
       546
       549
       540
       548
       549
       588
       592
       626
       602
       576
       516
       576
       573
       562
       573
       578
       572
       581
       595
       598
       613
       579
       575
       568
       580
       528
       559
       529
       556
       557
       575
       564
       583
       574
       553
       539
       573
       573
       563
       576
       568
       589
       569
       580
       582
       563
       574
       570
       578
       514
       578
       591
       553
       560
       587
       573
       552
       554
       579
       545
       586
       565
       588
       533
       592
       507
       560
       537
       605
       526
       593
       595
       551
       552
       570
       553
       554
       551
       550
       562
       513
       530
       559
       573
       585
       530
       557
       542
       642
       554
       531
       605
       571
       515
       561
       572
       575
       577
       617
       581
       577
       542
       575
       584
       563
       577
       579
       584
       527
       561
       562
       523
       565
       556
       564
       582
       521
       554
       571
       559
       571
       552
       557
       613
       559
       564
       552
       581
       565
       562
       574
       579
       562
       546
       559
       545
       572
       612
       563
       609
       544
       589
       619
       617
       571
       549
       561
       514
       583
       559
       591
       564
       552
       596
       533
       557
       585
       558
       589
       544
       546
       580
       559
       606
       532
       585
       549
       576
       580
       573
       567
       529
       560
       558
       547
       595
       583
       557
       587
       575
       571
       543
       560
       522
       569
       538
       581
       600
       556
       558
       597
       576
       586
       582
       588
       535
       600
       528
       541
       575
       555
       570
       550
       597
       546
       600
       569
       579
       588
       544
       556
       560
       595
       549
       571
       546
       561
       543
       542
       530
       566
       541
       554
       524
       607
       604
       551
       564
       575
       569
       605
       540
       581
       564
       582
       570
       573
       551
       585
       577
       558
       576
       622
       520
       534
       569
       542
       585
       580
       581
       606
       586
       550
       602
       577
       575
       565
       548
       548
       584
       511
       549
       629
       552
       578
       586
       570
       561
       597
       548
       564
       552
       572
       650
       539
       569
       565
       575
       522
       577
       532
       522
       578
       556
       558
       511
       575
       573
       593
       544
       559
       582
       538
       551
       538
       559
       566
       559
       553
       528
       550
       572
       574
       593
       501
       568
       556
       551
       620
       529
       583
       525
       557
       536
       565
       519
       630
       567
       509
       555
       571
       600
       550
       548
       541
       560
       549
       569
       576
       581
       542
       572
       563
       606
       580
       585
       564
       580
       522
       556
       565
       553
       606
       542
       570
       583
       578
       547
       558
       559
       543
       542
       582
       565
       540
       562
       582
       562
       576
       494
       556
       556
       544
       539
       587
       546
       556
       600
       533
       570
       626
       555
       555
       602
       604
       559
       604
       546
       601
       560
       568
       528
       540
       518
       565
       572
       552
       595
       623
       568
       630
       555
       585
       571
       540
       561
       575
       604
       571
       546
       617
       564
       597
       578
       586
       565
       617
       597
       541
       556
       540
       622
       624
       547
       604
       587
       534
       575
       616
       595
       575
       568
       559
       588
       550
       541
       577
       532
       540
       613
       568
       545
       525
       550
       552
       546
       572
       581
       588
       585
       573
       558
       589
       584
       545
       600
       558
       602
       588
       542
       607
       549
       536
       595
       602
       544
       555
       591
       575
       543
       525
       556
       614
       574
       574
       594
       631
       559
       605
       567
       588
       582
       575
       601
       565
       577
       568
       552
       595
       571
       576
       543
       578
       583
       572
       547
       576
       595
       559
       569
       589
       533
       551
       568
       560
       541
       583
       549
       568
       586
       548
       600
       617
       525
       577
       539
       566
       556
       548
       508
       525
       590
       558
       573
       591
       530
       571
       567
       571
       593
       523
       574
       574
       560
       606
       509
       599
       572
       562
       617
       573
       511
       582
       546
       542
       523
       559
       581
       550
       589
       570
       558
       589
       545
       578
       574
       603
       587
       566
       556
       546
       561
       580
       550
       598
       583
       551
       612
       539
       562
       542
       544
       568
       507
       570
       544
       533
       572
       539
       543
       582
       578
       568
       582
       556
       584
       582
       606
       575
       607
       546
       564
       602
       565
       568
       572
       554
       582
       570
       557
       567
       553
       549
       550
       550
       577
       528
       566
       541
       586
       568
       568
       597
       585
       561
       547
       577
       599
       519
       530
       599
       567
       526
       517
       586
       559
       565
       543
       567
       596
       552
       524
       520
       557
       542
       553
       573
       596
       555
       533
       549
       581
       570
       583
       561
       566
       591
       537
       592
       542
       568
       556
       539
       580
       582
       576
       549
       554
       613
       576
       562
       566
       551
       570
       525
       546
       571
       538
       588
       608
       585
       580
       591
       553
       559
       578
       546
       554
       557
       587
       599
       595
       565
       589
       534
       529
       547
       538
       550
       542
       602
       550
       564
       567
       562
       529
       620
       581
       571
       617
       567
       536
       603
       578
       584
       558
       559
       540
       561
       600
       534
       568
       601
       559
       560
       559
       554
       556
       592
       577
       559
       536
       556
       566
       552
       633
       522
       587
       568
       555
       551
       549
       610
       521
       593
       565
       596
       574
       538
       602
       575
       563
       551
       551
       553
       529
       569
       542
       559
       541
       602
       600
       561
       519
       558
       551
       580
       582
       565
       578
       573
       584
       564
       546
       563
       528
       547
       544
       564
       532
       559
       580
       563
       580
       549
       589
       566
       571
       568
       564
       541
       558
       569
       576
       591
       570
       578
       523
       538
       538
       503
       550
       570
       541
       567
       528
       557
       561
       573
       579
       551
       580
       546
       558
       545
       560
       573
       577
       588
       605
       552
       555
       597
       595
       533
       574
       526
       587
       588
       564
       613
       549
       566
       566
       538
       567
       540
       578
       544
       572
       583
       557
       589
       561
       573
       569
       588
       582
       609
       546
       545
       567
       587
       572
       530
       549
       517
       539
       588
       565
       589
       549
       575
       534
       548
       560
       588
       564
       562
       594
       531
       534
       600
       519
       530
       533
       586
       616
       532
       525
       548
       562
       591
       595
       539
       553
       590
       573
       544
       537
       574
       582
       575
       571
       552
       577
       586
       552
       562
       539
       603
       568
       570
       554
       578
       578
       525
       555
       535
       609
       542
       591
       575
       530
       591
       573
       552
       575
       569
       599
       560
       584
       555
       535
       593
       577
       525
       559
       534
       552
       576
       570
       548
       570
       557
       550
       541
       581
       555
       582
       583
       538
       585
       563
       607
       596
       565
       550
       546
       560
       579
       593
       556
       564
       579
       550
       547
       571
       561
       584
       527
       534
       571
       533
       544
       550
       561
       565
       594
       550
       546
       528
       563
       628
       583
       546
       546
       561
       570
       595
       542
       542
       580
       573
       582
       557
       552
       562
       602
       551
       588
       575
       532
       576
       523
       567
       545
       545
       605
       607
       618
       549
       573
       554
       554
       590
       556
       560
       561
       593
       535
       563
       564
       547
       593
       613
       597
       558
       563
       589
       575
       597
       584
       564
       557
       590
       566
       606
       561
       553
       560
       577
       589
       561
       575
       594
       560
       560
       610
       554
       552
       560
       588
       544
       614
       611
       556
       576
       594
       543
       549
       534
       528
       518
       552
       554
       518
       558
       533
       567
       555
       530
       572
       576
       563
       556
       547
       557
       586
       561
       591
       606
       558
       623
       599
       580
       574
       570
       575
       571
       578
       522
       577
       589
       576
       588
       585
       556
       568
       644
       576
       605
       576
       572
       549
       527
       530
       596
       615
       568
       539
       516
       543
       569
       556
       561
       580
       554
       566
       567
       517
       568
       515
       580
       549
       579
       581
       566
       572
       550
       593
       597
       555
       551
       549
       593
       533
       553
       617
       627
       567
       572
       593
       577
       535
       552
       533
       604
       574
       579
       557
       547
       562
       572
       615
       616
       579
       552
       571
       550
       578
       540
       568
       544
       513
       543
       601
       558
       562
       550
       599
       565
       593
       540
       546
       544
       580
       553
       558
       547
       625
       643
       585
       552
       547
       618
       539
       597
       565
       559
       576
       576
       527
       588
       588
       609
       560
       574
       592
       564
       566
       540
       579
       555
       568
       582
       602
       573
       560
       567
       557
       563
       563
       580
       584
       527
       564
       614
       526
       556
       586
       556
       579
       549
       575
       539
       532
       563
       541
       545
       561
       540
       585
       536
       590
       584
       529
       575
       512
       603
       571
       553
       574
       566
       545
       570
       598
       556
       579
       549
       508
       528
       549
       534
       574
       564
       569
       585
       577
       595
       499
       570
       580
       580
       532
       573
       581
       577
       548
       558
       560
       585
       551
       584
       556
       515
       590
       603
       583
       583
       539
       618
       578
       539
       560
       588
       552
       551
       512
       600
       529
       601
       552
       606
       643
       559
       599
       530
       535
       512
       514
       582
       562
       579
       530
       579
       570
       538
       572
       563
       523
       617
       546
       548
       587
       616
       529
       540
       549
       569
       598
       550
       571
       560
       565
       576
       548
       557
       573
       562
       545
       590
       591
       530
       598
       581
       548
       553
       557
       547
       599
       586
       565
       562
       556
       586
       563
       558
       562
       568
       547
       587
       543
       572
       569
       518
       567
       570
       555
       556
       559
       562
       552
       614
       547
       561
       556
       576
       560
       533
       574
       563
       565
       624
       585
       533
       546
       583
       558
       608
       555
       591
       533
       572
       614
       557
       554
       578
       555
       510
       572
       524
       507
       535
       552
       561
       530
       589
       574
       605
       596
       575
       603
       546
       552
       573
       550
       626
       548
       532
       530
       578
       590
       550
       528
       557
       568
       573
       591
       575
       568
       592
       548
       607
       540
       555
       595
       569
       566
       587
       562
       550
       605
       524
       606
       564
       549
       545
       550
       564
       532
       536
       573
       536
       552
       535
       554
       551
       572
       559
       584
       577
       562
       565
       559
       577
       573
       577
       565
       561
       580
       557
       564
       551
       590
       581
       578
       531
       563
       549
       586
       557
       588
       519
       569
       547
       547
       545
       586
       557
       501
       552
       547
       581
       543
       570
       534
       551
       565
       545
       595
       588
       540
       554
       554
       552
       578
       572
       576
       566
       594
       538
       582
       533
       597
       581
       539
       588
       576
       561
       599
       556
       540
       593
       585
       536
       556
       570
       547
       569
       585
       553
       572
       565
       564
       569
       549
       559
       577
       583
       607
       554
       571
       589
       558
       619
       540
       541
       582
       578
       598
       577
       553
       581
       553
       566
       533
       548
       564
       557
       576
       574
       603
       565
       530
       583
       563
       540
       552
       606
       589
       558
       564
       566
       559
       622
       532
       600
       597
       552
       602
       532
       561
       585
       551
       527
       566
       549
       549
       543
       581
       551
       578
       587
       549
       570
       575
       561
       589
       555
       567
       551
       583
       510
       545
       600
       519
       553
       559
       574
       570
       564
       525
       573
       557
       572
       547
       577
       548
       558
       509
       573
       555
       553
       590
       601
       535
       560
       607
       566
       546
       563
       623
       549
       532
       587
       595
       563
       538
       561
       573
       590
       589
       541
       564
       588
       604
       547
       584
       550
       586
       564
       566
       573
       587
       562
       586
       578
       549
       579
       565
       529
       576
       594
       580
       597
       572
       591
       520
       572
       611
       560
       563
       578
       541
       582
       545
       587
       560
       558
       580
       545
       554
       602
       565
       572
       567
       583
       539
       594
       555
       581
       561
       591
       603
       569
       596
       561
       577
       555
       570
       581
       569
       573
       563
       549
       548
       562
       572
       565
       541
       567
       561
       585
       579
       626
       601
       576
       575
       600
       554
       575
       555
       551
       571
       549
       575
       579
       553
       561
       566
       593
       601
       634
       561
       555
       531
       526
       587
       576
       584
       573
       565
       559
       589
       574
       547
       639
       574
       546
       560
       552
       619
       606
       557
       589
       560
       590
       538
       553
       551
       536
       590
       562
       574
       587
       554
       577
       532
       519
       580
       579
       532
       579
       568
       568
       560
       582
       566
       583
       572
       521
       560
       605
       592
       583
       549
       556
       576
       529
       564
       604
       587
       574
       589
       554
       595
       539
       537
       581
       570
       548
       569
       545
       560
       542
       553
       538
       547
       536
       591
       575
       553
       606
       527
       553
       553
       567
       571
       565
       560
       579
       535
       553
       576
       535
       593
       598
       583
       580
       531
       565
       577
       579
       622
       560
       534
       576
       577
       591
       529
       556
       550
       583
       558
       567
       537
       562
       609
       581
       585
       561
       582
       589
       563
       528
       611
       594
       603
       616
       555
       573
       612
       613
       593
       562
       568
       589
       597
       618
       632
       610
       577
       585
       603
       658
       594
       637
       630
       598
       639
       607
       642
       623
       642
       637
       635
       628
       623
       635
       648
       627
       637
       621
       667
       637
       661
       684
       637
       689
       664
       589
       642
       624
       697
       668
       642
       651
       641
       610
       665
       617
       644
       634
       657
       697
       626
       655
       599
       615
       603
       606
       582
       582
       559
       614
       632
       609
       601
       588
       593
       576
       606
       560
       624
       584
       563
       565
       618
       610
       572
       596
       612
       586
       597
       605
       621
       632
       640
       594
       586
       584
       563
       602
       603
       626
       578
       606
       573
       579
       606
       609
       610
       585
       628
       615
       585
       598
       608
       582
       619
       600
       616
       567
       616
       592
       606
       615
       616
       570
       561
       574
       646
       587
       559
       602
       593
       552
       580
       596
       579
       571
       606
       575
       559
       589
       639
       619
       591
       630
       669
       623
       615
       651
       594
       557
       582
       611
       572
       603
       613
       605
       628
       633
       588
       601
       622
       573
       606
       588
       633
       599
       611
       567
       631
       596
       611
       598
       593
       551
       622
       552
       597
       649
       579
       590
       595
       581
       595
       592
       621
       607
       575
       595
       591
       629
       618
       540
       648
       613
       585
       579
       618
       640
       616
       663
       609
       610
       575
       607
       609
       599
       601
       599
       596
       577
       596
       665
       597
       591
       597
       581
       631
       644
       582
       586
       604
       521
       620
       612
       661
       587
       576
       594
       551
       639
       627
       596
       606
       612
       594
       612
       614
       608
       553
       602
       601
       597
       605
       620
       637
       629
       587
       607
       636
       598
       599
       602
       647
       581
       556
       595
       597
       598
       599
       633
       590
       582
       574
       571
       633
       652
       579
       601
       589
       625
       602
       540
       550
       608
       559
       629
       653
       538
       562
       595
       587
       551
       586
       539
       565
       626
       579
       592
       608
       633
       601
       573
       591
       592
       559
       601
       588
       598
       595
       580
       554
       586
       571
       572
       600
       563
       588
       627
       570
       625
       624
       574
       583
       565
       577
       572
       571
       583
       585
       602
       585
       581
       547
       589
       570
       556
       563
       596
       610
       597
       578
       582
       586
       577
       591
       542
       569
       571
       575
       594
       569
       586
       567
       601
       546
       556
       583
       583
       601
       558
       570
       570
       574
       556
       565
       575
       537
       576
       575
       584
       605
       586
       599
       543
       562
       536
       572
       587
       584
       556
       592
       597
       563
       595
       543
       563
       576
       598
       613
       614
       592
       570
       550
       507
       594
       581
       533
       604
       594
       534
       539
       561
       552
       592
       546
       569
       583
       588
       552
       561
       569
       583
       600
       552
       585
       573
       589
       552
       551
       575
       577
       582
       555
       531
       574
       580
       572
       574
       584
       613
       590
       559
       556
       556
       557
       561
       581
       557
       579
       621
       569
       548
       518
       609
       545
       581
       565
       529
       533
       582
       590
       553
       568
       574
       563
       551
       578
       522
       512
       578
       585
       530
       571
       551
       535
       526
       538
       543
       572
       550
       557
       599
       550
       553
       522
       518
       543
       561
       548
       567
       513
       531
       589
       561
       548
       569
       584
       557
       557
       565
       552
       589
       573
       538
       530
       519
       538
       529
       522
       570
       556
       562
       520
       555
       573
       545
       592
       562
       562
       552
       543
       596
       523
       569
       543
       525
       556
       542
       537
       570
       580
       567
       536
       550
       574
       533
       586
       539
       544
       523
       548
       507
       550
       537
       514
       555
       514
       558
       601
       570
       550
       531
       569
       577
       575
       556
       563
       544
       578
       536
       575
       574
       562
       560
       575
       594
       541
       541
       578
       542
       566
       565
       557
       572
       571
       534
       587
       534
       524
       565
       549
       569
       557
       583
       514
       550
       563
       528
       560
       572
       565
       550
       556
       538
       565
       553
       524
       542
       584
       542
       565
       552
       547
       590
       565
       583
       581
       560
       541
       563
       554
       584
       561
       508
       543
       567
       554
       570
       532
       581
       576
       558
       570
       586
       562
       532
       540
       544
       552
       557
       572
       556
       562
       496
       578
       539
       555
       533
       578
       554
       540
       558
       544
       548
       553
       564
       566
       548
       579
       548
       525
       524
       577
       531
       540
       583
       559
       592
       564
       593
       571
       538
       531
       562
       540
       520
       534
       557
       557
       527
       556
       611
       552
       558
       518
       564
       527
       534
       547
       552
       524
       561
       535
       584
       624
       520
       594
       529
       559
       552
       589
       564
       597
       592
       551
       586
       577
       592
       587
       565
       540
       572
       539
       531
       577
       544
       599
       529
       548
       572
       556
       610
       565
       542
       544
       593
       556
       515
       550
       575
       548
       567
       553
       551
       548
       571
       551
       539
       556
       536
       559
       566
       581
       581
       584
       526
       579
       576
       571
       577
       601
       584
       562
       558
       541
       526
       561
       537
       592
       550
       552
       528
       555
       529
       563
       566
       528
       555
       541
       547
       541
       546
       540
       524
       552
       561
       591
       553
       509
       589
       579
       580
       563
       585
       559
       541
       579
       513
       563
       556
       586
       572
       575
       515
       562
       562
       522
       567
       575
       546
       529
       547
       559
       579
       563
       569
       575
       547
       581
       565
       567
       599
       562
       534
       584
       579
       542
       589
       538
       509
       540
       578
       580
       590
       562
       521
       544
       587
       533
       542
       574
       566
       538
       555
       578
       577
       541
       520
       562
       528
       538
       540
       540
       564
       554
       552
       571
       552
       568
       541
       534
       607
       597
       574
       527
       537
       548
       557
       572
       600
       562
       566
       550
       541
       525
       587
       547
       542
       525
       533
       560
       539
       555
       616
       524
       550
       584
       555
       531
       557
       530
       528
       511
       548
       627
       690
       654
       637
       650
       647
       607
       606
       580
       575
       557
       510
       549
       560
       566
       541
       557
       579
       531
       615
       563
       588
       556
       552
       532
       566
       540
       578
       618
       523
       557
       511
       621
       593
       550
       594
       558
       536
       618
       548
       508
       632
       593
       511
       534
       589
       556
       510
       545
       589
       553
       529
       569
       548
       552
       544
       591
       536
       557
       580
       538
       546
       563
       563
       575
       583
       541
       585
       588
       548
       591
       527
       562
       551
       541
       564
       548
       572
       567
       546
       559
       539
       543
       559
       574
       561
       549
       545
       602
       565
       541
       603
       537
       600
       571
       583
       543
       576
       561
       567
       567
       539
       599
       564
       554
       504
       585
       563
       534
       581
       559
       581
       547
       551
       547
       588
       622
       552
       548
       545
       550
       562
       534
       549
       534
       553
       576
       563
       526
       621
       562
       569
       560
       581
       526
       549
       525
       553
       596
       561
       581
       573
       571
       575
       548
       567
       530
       559
       594
       536
       555
       570
       550
       588
       602
       582
       568
       580
       588
       618
       527
       540
       578
       539
       579
       589
       534
       557
       550
       555
       538
       539
       547
       557
       568
       547
       564
       547
       552
       569
       580
       518
       578
       575
       542
       592
       525
       563
       577
       532
       529
       624
       524
       549
       547
       575
       564
       552
       582
       551
       567
       554
       574
       563
       556
       576
       524
       591
       583
       559
       562
       558
       569
       572
       575
       594
       581
       570
       541
       582
       621
       582
       509
       588
       548
       578
       580
       610
       536
       576
       539
       613
       541
       609
       572
       604
       544
       571
       580
       554
       579
       586
       649
       538
       567
       520
       520
       589
       520
       557
       529
       543
       582
       584
       534
       548
       564
       548
       554
       559
       583
       595
       556
       542
       562
       571
       583
       565
       637
       588
       563
       550
       581
       567
       594
       585
       587
       559
       552
       598
       589
       564
       555
       592
       521
       559
       607
       530
       531
       518
       558
       537
       583
       556
       572
       531
       581
       577
       598
       543
       538
       576
       577
       600
       591
       572
       593
       579
       533
       533
       545
       564
       593
       561
       584
       519
       552
       584
       512
       582
       550
       549
       539
       548
       563
       551
       574
       599
       568
       618
       530
       575
       546
       548
       573
       567
       570
       607
       594
       574
       582
       565
       537
       540
       600
       560
       578
       572
       547
       523
       529
       575
       602
       589
       586
       536
       545
       591
       604
       553
       588
       516
       595
       561
       544
       514
       564
       563
       560
       567
       581
       579
       532
       557
       586
       568
       586
       546
       539
       594
       579
       549
       538
       554
       567
       545
       589
       562
       519
       558
       551
       576
       565
       591
       548
       557
       555
       561
       524
       554
       556
       554
       583
       564
       579
       517
       556
       571
       547
       607
       578
       542
       586
       572
       559
       535
       613
       555
       519
       560
       578
       576
       546
       562
       584
       585
       579
       596
       552
       532
       554
       586
       541
       543
       543
       554
       545
       562
       609
       567
       531
       576
       562
       578
       534
       573
       562
       514
       539
       553
       602
       590
       522
       574
       564
       587
       570
       537
       576
       587
       593
       529
       558
       553
       587
       556
       527
       538
       544
       561
       543
       560
       583
       581
       586
       568
       573
       535
       551
       562
       562
       601
       600
       554
       527
       528
       568
       597
       525
       562
       590
       542
       563
       569
       522
       575
       553
       544
       574
       576
       595
       543
       589
       583
       565
       584
       551
       565
       572
       555
       583
       542
       507
       588
       541
       545
       596
       577
       514
       567
       545
       577
       597
       576
       537
       502
       583
       622
       556
       600
       578
       575
       581
       607
       578
       578
       577
       580
       554
       577
       558
       559
       565
       618
       572
       551
       606
       539
       540
       602
       574
       586
       565
       585
       569
       546
       593
       575
       568
       608
       554
       614
       570
       608
       588
       545
       548
       584
       553
       547
       588
       567
       503
       578
       597
       584
       585
       584
       562
       595
       551
       577
       551
       601
       554
       548
       574
       564
       573
       533
       486
       578
       585
       585
       532
       556
       588
       595
       549
       530
       546
       602
       542
       566
       603
       533
       554
       569
       572
       570
       562
       519
       562
       558
       562
       628
       515
       516
       570
       597
       529
       564
       515
       536
       598
       555
       583
       539
       567
       602
       559
       596
       574
       605
       579
       606
       550
       548
       567
       577
       566
       590
       561
       567
       582
       566
       580
       544
       587
       579
       569
       583
       551
       548
       513
       593
       554
       560
       553
       552
       615
       528
       562
       572
       584
       564
       559
       586
       576
       561
       565
       540
       562
       561
       546
       569
       636
       565
       530
       541
       553
       598
       581
       622
       558
       517
       554
       613
       560
       505
       555
       656
       569
       593
       564
       568
       580
       568
       545
       573
       530
       582
       591
       574
       584
       539
       567
       584
       596
       550
       539
       578
       573
       573
       521
       532
       548
       565
       562
       565
       542
       587
       569
       560
       589
       518
       575
       543
       534
       556
       574
       558
       558
       548
       574
       574
       557
       559
       586
       582
       539
       536
       534
       560
       541
       535
       547
       545
       541
       579
       586
       572
       547
       552
       554
       549
       528
       582
       583
       572
       540
       560
       511
       508
       552
       603
       566
       566
       559
       582
       561
       540
       585
       555
       624
       616
       596
       603
       603
       622
       576
       551
       587
       566
       556
       595
       643
       600
       555
       531
       536
       566
       534
       572
       549
       535
       532
       554
       574
       550
       520
       546
       556
       558
       575
       579
       555
       582
       550
       578
       579
       572
       582
       557
       615
       593
       574
       610
       587
       578
       606
       596
       602
       586
       564
       569
       587
       596
       595
       557
       597
       523
       552
       572
       562
       572
       576
       548
       610
       596
       591
       572
       589
       561
       565
       549
       586
       572
       546
       557
       543
       592
       554
       530
       527
       511
       557
       569
       529
       566
       570
       540
       570
       559
       578
       575
       579
       568
       575
       526
       575
       573
       545
       607
       562
       573
       576
       622
       582
       599
       567
       587
       558
       568
       572
       565
       546
       587
       537
       552
       541
       548
       576
       536
       569
       565
       609
       557
       641
       611
       612
       572
       538
       558
       583
       582
       543
       550
       497
       600
       569
       585
       531
       551
       570
       592
       565
       512
       577
       543
       583
       538
       557
       572
       578
       577
       559
       598
       551
       544
       577
       551
       583
       601
       513
       582
       523
       564
       551
       576
       566
       569
       550
       569
       553
       580
       607
       591
       591
       548
       542
       572
       564
       562
       545
       568
       565
       560
       591
       574
       535
       566
       573
       590
       583
       565
       572
       571
       526
       559
       580
       562
       537
       543
       586
       539
       532
       592
       573
       577
       603
       543
       590
       569
       546
       584
       544
       522
       588
       570
       554
       587
       543
       556
       575
       576
       562
       560
       566
       519
       444
       393
       198
        58
        11
         1
         0
         0
         0
         0
         0
         0
         0
         0
         0
         0
         0
         0
         0
         0
         0
         0
         0
         0
         0
         0
         0
         0
         0
         0
         0
         0
      5146
     49796
     55004
     58944
     59594
     59456
     29918
     24640
     23650
         0
         0
         0
         0
