C:\Documents and Settings\studenti\Desktop\dede\START_STOP_SYNCOUT_CAVI_CAMBIATI.txt

DATE:
11/9/2016
TIME:
1574.2 1576.3
DATA:
0 4096
         0
         0
         0
         0
         0
         0
         0
         0
         0
         0
         0
         0
         0
         0
         0
         0
         0
         0
         0
         0
         0
         0
         0
         0
         0
         0
         0
         0
         0
         0
         0
         0
         0
         0
         0
         0
         0
         0
         0
         0
         0
         0
         0
         0
         0
         0
         0
         0
         0
         0
         0
         0
         0
         0
         0
         0
         0
         0
         0
         0
         0
         0
         0
         0
         0
         0
         0
         0
         0
         0
         0
         0
         0
         0
         0
         0
         0
         0
         0
         0
         0
         0
         0
         0
         0
         0
         0
         0
         0
         0
         0
         0
         0
         0
         0
         0
         0
         0
         0
         0
         0
         0
         0
         0
         0
         0
         0
         0
         0
         0
         0
         0
         0
         0
         0
         0
         0
         0
         0
         0
         0
         0
         0
         0
         0
         0
         0
         0
         0
         0
         0
         0
         0
         0
         0
         0
         0
         0
         0
         0
         0
         0
         0
         0
         0
         0
         0
         0
         0
         0
         0
     16327
    766603
    407148
      1388
       198
       281
       260
       172
       128
       115
       129
       133
       141
       119
       114
       143
       137
       121
       121
       136
       153
       126
       122
       145
       141
       146
       120
       133
       138
       132
       133
       118
       121
       123
       119
       115
       134
       133
       141
       146
       115
       122
       111
       124
       127
       113
       114
       123
       124
       126
       108
       145
       131
       131
       125
       149
       129
       129
       126
       133
       124
       132
       142
       133
       150
       153
       115
       128
       122
       125
       128
       114
       117
       138
       119
       104
       129
       108
       149
       137
       150
       128
       133
       133
       150
       119
       115
       123
       105
       112
       133
       134
       132
       122
       120
       131
       135
       118
       132
       135
       117
       132
       114
       143
       126
       133
       117
       129
       147
       120
       144
       129
       134
       118
       116
       135
       135
       126
       112
       139
       139
       122
       117
       140
       129
       142
       113
       104
       135
       118
       131
       127
       117
       115
       135
       145
       119
       113
       111
       127
       125
       132
       127
       124
       135
       111
       115
       146
       128
       132
       128
       105
       128
       136
       108
       130
       107
       118
       135
       107
       127
       119
       128
       114
       102
       119
       121
       127
       115
       120
       119
       138
       120
       122
       128
       127
       145
       124
       111
       111
       155
       143
       137
       129
       136
       134
       132
       140
       135
       127
       142
       134
       121
       129
       135
       131
       118
       123
       132
       130
       130
       120
       132
       117
       109
       130
       120
       132
       142
       121
       137
       131
       144
       126
       107
       140
       117
       113
       111
       134
       127
       111
       144
       144
       118
       118
       116
       122
       132
       132
       139
       115
       122
       120
       118
       152
       120
       121
       120
       125
       111
       131
       134
       132
       126
       126
       126
       111
       111
       122
       135
       122
       116
       133
       118
       131
       123
       127
       116
       118
       115
       113
       126
       133
       117
       142
       112
       127
       123
       118
       115
       142
       132
       134
       122
       150
       146
       132
       135
       132
       118
       127
       125
       133
       147
       121
       125
       117
       139
       114
       138
       133
       104
       127
       126
       118
       116
       126
       134
       122
       121
       121
       125
       122
       130
       116
       136
       134
       129
       122
       129
       109
       136
       122
       140
       135
       133
       136
       117
       113
       146
       111
       135
       129
       145
       127
       136
       125
        98
       153
       149
       129
       112
       138
       132
       124
       129
       145
       124
       119
       126
       138
       125
       125
       110
       134
       128
       135
       112
       145
       131
       121
       123
       123
       132
       101
       142
       126
       108
       109
       140
       125
       138
       129
       117
       127
       125
       126
       131
       107
        93
       139
       124
       120
       107
       116
       131
       112
       117
       141
       144
       149
       110
       130
       128
       114
       125
       117
       124
       127
       143
       114
       109
       139
       123
       135
       118
       129
       141
       133
       132
       146
       135
       104
       134
       120
       146
       141
       131
       113
       124
       122
       132
       117
       125
       162
       147
       108
       132
       133
       122
       142
       125
       142
       116
       112
       121
       116
       144
       122
       111
       124
       123
       124
       119
       159
       114
       114
       122
       128
       125
       131
       131
       133
       115
       124
       138
       122
       124
       111
       111
       125
       155
       110
       126
       129
       118
       116
       121
       121
       150
       137
       126
       142
       122
       126
       123
       116
       107
       134
       116
       129
       108
       138
       132
       117
       118
       138
       149
       126
       143
       131
       147
       143
       127
       109
       130
       138
       142
       126
       132
       138
       108
       131
       119
       150
       109
       134
       120
       115
       143
       133
       134
       127
       141
       120
       116
       135
       129
       131
       139
       127
       125
       114
       137
       108
       105
       126
       125
       136
       112
       111
       118
       135
       114
       128
       133
       128
       129
       131
       103
       125
       130
       117
       124
       118
       127
       136
       127
       119
       130
       117
       118
       130
       123
       138
       145
       137
       125
       138
       119
       138
       129
       112
       104
       135
       103
       118
       136
       131
       132
       126
       125
       119
       126
       116
       134
       127
       111
       116
       142
       121
       125
       132
       118
       147
       124
       131
       123
       114
       129
       106
       121
       112
       120
       129
       127
       124
       133
       158
       120
       130
       118
       108
       125
       113
        87
       125
       117
       137
       121
       141
       108
       119
       127
       131
       141
       125
       133
       133
       137
       132
       130
       114
       125
       116
       138
       119
       116
       126
       134
       123
       139
       128
       109
       140
       144
       114
       126
       120
       111
       115
       137
       142
       119
       140
       131
       116
       129
       130
       127
       119
       125
       114
       125
       104
       121
       116
       117
       133
       106
       124
       130
       133
       128
       117
       106
       118
       138
       106
       115
       130
       120
       132
       112
       128
       122
       115
       121
       135
       110
       132
       134
       110
       117
       140
       123
       128
       130
       139
       126
       131
       127
       112
       122
       118
       146
       141
       134
       129
       121
       108
       135
       133
       133
       119
       113
       120
       115
       134
       143
       125
       119
       115
       121
       126
       134
       159
       121
       136
       136
       122
       119
       127
       131
       123
       127
       128
       113
       152
       131
       125
       113
       121
       120
       131
       129
       139
       105
       129
       138
       129
       128
       121
       135
       122
       125
       131
       121
       122
       121
       112
       115
       113
       137
       123
       145
       143
       121
       112
       118
       131
       124
       119
       150
       136
       119
       119
       106
       125
       138
       113
       136
       127
       112
       118
       135
       124
       141
       132
       100
       135
       118
       139
       120
       107
       142
       137
       139
       140
       135
       135
       143
       134
       124
       130
       110
       144
       146
       131
       112
       125
       129
       122
       113
       129
       109
       130
       122
       129
       106
       129
       156
       119
       131
       144
       139
       119
       141
       131
       114
       125
       127
       124
       115
       123
       126
       144
       121
       114
       117
       113
       110
       150
       114
       128
       125
       135
       143
       139
       109
       118
       123
       143
       131
       141
       124
       118
       110
       106
       157
       120
       115
       138
       118
       129
       116
       123
       111
       130
       116
       128
       145
       128
       121
       107
       123
       133
       155
       125
       132
       141
       133
       128
       114
       141
       120
       125
       127
       131
       121
       120
       130
       115
       118
       116
       124
       117
       148
       135
       124
       119
       108
       136
       113
       137
       123
       123
       114
       122
       127
       119
       129
       138
       137
       133
       131
       112
       135
       128
       131
       132
       123
       146
       132
       147
       124
       117
       126
       131
       125
       127
       124
       120
       119
       132
       129
       130
       135
       148
       118
       111
       124
       134
       129
       115
       115
       126
       139
       138
       108
       142
       128
       121
       127
       109
       120
       136
       121
       119
       132
       129
       147
       117
       133
       131
       134
       124
       137
       124
       110
       129
       131
       113
       128
       141
       129
       147
       128
       139
       129
       111
       108
       102
       123
       145
       140
       114
       123
       126
       147
       129
       120
       131
       131
       139
       122
       108
       106
       135
       126
       146
       140
       126
       134
       112
       103
       107
       138
       140
       120
       119
       122
       126
       138
       137
       147
       120
       112
       130
       121
       107
       125
       137
       125
       116
        99
       119
       127
       130
       103
       131
       121
       116
       125
       125
       126
       126
       120
       108
       144
       129
       117
       128
       130
       135
       134
       119
       116
       128
       125
       116
       118
       141
       119
       135
       110
       116
       142
       134
       137
       123
       114
       138
       124
       123
       132
       128
       116
       110
       134
       118
        99
       130
       113
       117
       120
       127
       125
       100
       141
       130
       116
       124
       140
       136
       122
       123
       107
       109
       128
       153
       118
       141
       136
       121
       133
       128
       127
       123
       141
       131
       119
       126
       122
       120
       121
       124
       110
       135
       120
       134
       136
       125
       131
        99
       119
       130
       122
       135
       119
       128
       129
       118
       115
       133
       149
       111
       121
       111
       126
       126
       117
       104
       127
       143
       115
       119
       137
       135
       123
       143
       134
       117
       117
       123
       137
       126
       132
       125
       122
       127
       141
       138
       126
       129
       141
       140
       129
       126
       138
       119
       138
       112
       123
       127
       132
       134
       108
       130
       113
       117
       123
       101
       117
       122
       133
       132
       139
       135
       130
       128
       116
       113
       134
       143
       133
       142
       127
       146
       137
       138
       119
       122
       130
       136
       141
       120
       127
       125
       134
       135
       116
       147
       100
        94
       146
       114
       136
       141
       127
       121
       136
       134
       133
       125
       130
       122
       127
       130
       132
       128
       118
       130
       104
       158
       136
       119
       108
       126
       122
       114
       125
       120
       135
       126
       142
       134
       128
       119
       131
       121
       136
       134
       139
       123
       130
       157
       130
       153
       128
       122
       117
       129
       121
       130
       137
       119
       112
       127
       104
       134
       139
       129
       112
       122
       120
       118
       136
       116
       132
       147
       129
       125
       117
       129
       120
       134
       106
       119
       117
       116
       134
       124
       126
       116
       127
       114
        96
       149
       111
       122
       128
       110
       132
       134
       128
       120
       125
       140
       123
       119
       124
       139
       117
       120
       113
       129
       127
       126
       104
       137
       127
       128
       109
       113
       144
       137
       115
       135
       121
       130
       129
       128
       128
       125
       125
       108
       127
       133
       125
       124
       149
       103
       128
       135
       131
       121
       138
       124
       114
       139
       134
       140
       138
       124
       125
       122
       125
       123
       139
       144
       131
       136
       140
       118
       113
       118
       122
       135
       125
       111
       136
       116
       123
       136
       124
       128
       116
       136
       139
       117
       113
       126
       144
       121
       125
       138
       125
       112
       117
       116
       111
       127
       133
       117
       121
       122
       137
       132
       111
       158
       130
       139
       125
       108
       129
       148
       128
       125
       117
       137
       123
       114
       126
       132
       101
       139
       122
       152
       133
       141
       135
       122
       131
       124
       140
       121
       149
       134
       131
       132
       128
       134
       127
       127
       126
       138
       107
       123
       130
       139
       150
       111
       130
       101
       135
       137
       106
       136
       135
       125
       121
       133
       126
       135
       128
       138
       113
       136
       124
       146
       132
       120
       128
       138
       119
       106
       124
       132
       145
       110
       135
       149
       131
       143
       117
       146
       139
       126
       119
       121
       117
       130
       114
       126
       128
       134
       132
       101
       142
       127
       105
       128
       136
       141
       121
       141
       117
       131
       112
       122
       109
       116
       118
       120
       125
       136
       134
       123
       115
       114
       115
       135
       122
       130
       120
       104
       123
       134
       100
        93
       125
       122
       110
       118
       121
       141
       130
       131
       125
       121
       130
       134
       141
       114
       120
       109
       138
       133
       133
       112
       123
       120
       114
       146
       123
       121
       137
       126
       137
       119
       143
       130
       113
       124
       120
       133
       119
       135
       123
       135
       126
       119
       128
       134
       122
       121
       126
       140
       148
       120
       134
       115
       121
       124
       137
       113
       130
       112
       108
        89
       132
       107
       124
       143
       139
       111
       108
       141
       118
       117
       131
       126
       146
       123
       122
       142
       129
       129
       136
       128
       134
       122
       130
       132
       141
       111
       135
       122
       135
       116
       121
       115
       125
       119
       138
       116
       133
       118
       115
       106
       127
       116
       124
       134
       116
       139
       118
       121
       144
       115
       139
       131
       128
       125
       135
       115
       148
       126
       144
       126
       117
       146
       128
       122
       112
       124
       129
       150
       119
       146
       133
       109
       116
       126
       120
       130
       123
       115
       109
       125
       138
       140
       106
       111
       155
       113
       117
       140
       115
       125
       134
       100
       116
       138
       136
       104
       120
       128
       118
       106
       112
       136
       119
       114
       126
       112
       133
       127
       142
       127
       124
       148
       116
       131
       121
       136
       131
       132
       116
       133
       123
       101
       135
       142
       135
       115
       128
       121
       113
       130
       124
       126
       135
       119
       129
       141
       131
       117
       125
       110
       132
       127
       144
       118
       113
       126
       110
       126
       133
       130
       123
       131
       126
       134
       134
       119
       134
       127
       133
        98
       130
       130
       116
       141
       125
       122
       126
       121
       117
       127
       118
       108
       123
       120
       121
       159
        99
       115
       137
       111
       133
       144
       136
       129
       116
       141
       120
       128
       127
       125
        89
       126
       123
       119
       154
       126
       107
       144
       150
       111
       120
       118
       116
       112
       131
       120
       132
       134
       142
       149
       144
       113
       147
       125
       118
       131
       142
       142
       134
       120
       129
       125
       126
       117
       117
       131
       122
       126
       124
       127
       121
       141
       105
       103
       120
       128
       114
       124
       115
       109
       114
       117
       152
       114
       124
       123
       118
       113
       140
       159
       135
       133
       137
       121
       110
       128
       147
       113
       131
       146
       133
       129
       123
       116
       130
       123
       131
       140
       145
       115
       112
       114
       126
       127
       122
       129
       147
       157
       120
       142
       112
       116
       115
       125
       129
       128
       121
       138
       125
       123
       122
       117
       113
       126
       128
       122
       125
        96
       135
       130
       134
       130
       132
       132
       130
       129
       122
       142
       103
       133
       133
       117
       129
       137
       115
       125
       122
       145
       132
       135
       131
       122
       109
       102
       120
       136
       135
       146
       109
       139
       144
       131
       117
       133
       131
       122
       124
       135
       121
       130
       132
       150
       129
       127
       122
       133
       120
       137
       124
       142
       118
       145
       124
       124
       114
       119
       139
       127
       113
       118
       125
       127
       132
       116
       144
       113
       132
       135
       133
       141
       118
       117
       115
       117
       117
       107
       129
       136
        99
       110
       130
       136
       122
       106
       119
       158
       139
       114
       129
       115
       140
       129
       117
       130
       105
       147
       132
       109
       142
       139
       143
       129
       124
       141
       120
       120
       132
       118
       121
       128
       121
       107
       126
       129
       131
       126
       126
       116
       145
       135
       131
       115
       122
       128
       135
       142
       120
       116
       132
       149
       112
       134
       100
       144
       124
       132
       138
       121
       117
       122
       130
       148
       139
       130
       121
       127
       124
       125
       136
       132
       154
       121
       123
       132
       124
       128
       134
       131
       127
       113
       129
       132
       138
       115
       139
       132
       134
       125
       115
       147
       139
       130
       124
       119
       117
       144
       127
       136
       108
       136
       137
       126
       119
       116
       122
       134
       137
       107
       121
       131
       103
       122
       118
       126
       118
       133
        88
       134
       113
       125
       115
       117
       143
       137
       113
       140
       140
       131
       115
       129
       116
       136
       111
       122
       120
       130
       120
       117
       117
       120
       124
       115
       127
       131
       123
       122
       134
       139
       125
       119
       132
       142
       139
       114
       125
       109
       117
       124
       137
       117
       116
       121
       110
       120
       126
       114
       122
       140
       138
       139
       130
       114
       134
       125
       120
       133
       131
        95
       137
       127
       102
       127
       107
       120
       121
       144
       122
       140
       119
       118
       149
       142
       130
       127
       117
       142
       128
       120
        99
       134
       129
       114
       132
       124
       124
       135
       148
       136
       117
       134
       135
       152
       141
       121
       137
       126
       135
       103
       124
       128
       132
       126
       134
       148
       129
       134
       145
       129
       150
       138
       121
       139
       132
       162
       152
       130
       167
       139
       152
       178
       155
       165
       143
       154
       136
       151
       144
       161
       128
       141
       148
       184
       143
       146
       152
       142
       156
       156
       151
       144
       149
       147
       161
       139
       136
       145
       120
       149
       133
       159
       145
       166
       104
       141
       133
       153
       127
       152
       121
       138
       121
       136
       136
       144
       142
       149
       150
       134
       139
       157
       136
       124
       131
       140
       129
       146
       135
       137
       165
       133
       141
       128
       145
       121
       132
       129
       130
       139
       144
       148
       144
       148
       111
       138
       125
       140
       127
       134
       147
       151
       141
       117
       136
       120
       143
       136
       129
       148
       136
       134
       123
       118
       143
       133
       145
       143
       131
       131
       149
       125
       148
       131
       129
       133
       137
       129
       119
       126
       147
       154
       128
       140
       126
       134
       130
       123
       147
       142
       152
       133
       120
       136
       145
       144
       147
       134
       139
       163
       132
       126
       112
       148
       113
       129
       150
       145
       128
       136
       129
       139
       153
       114
       123
       125
       137
       154
       152
       142
       147
       119
       141
       115
       134
       123
       149
       144
       132
       123
       153
       125
       125
       134
       152
       146
       130
       134
       130
       132
       151
       134
       114
       127
       118
       125
       138
       147
       139
       144
       138
       137
       147
       151
       128
       123
       123
       144
       126
       129
       135
       136
       139
       148
       115
       126
       129
       146
       131
       125
       131
       117
       124
       133
       138
       156
       125
       129
       124
       125
       158
       117
       129
       113
       121
       141
       145
       119
       139
       130
       151
       135
       129
       151
       133
       131
       123
       153
       136
       153
       141
       144
       131
       128
       128
       147
       113
       119
       128
       114
       119
       140
       151
       133
       157
       137
       128
       124
       123
       130
       130
       140
       123
       143
       138
       154
       152
       142
       112
       117
       135
       118
       125
       123
       156
       127
       104
       120
       122
       119
       134
       136
       116
       139
       120
       134
       131
       113
       115
       121
       162
       102
       132
       129
       118
       154
       140
       116
       120
       127
       117
       119
       119
       141
       124
       120
       115
        95
       136
       111
       115
       134
       150
       131
       146
       125
       119
       116
       118
       147
       129
       136
       126
       128
       111
       161
       120
       127
       121
       119
       118
       145
       120
       132
       113
       111
       126
       136
       123
       138
       117
       129
       123
       139
       117
       124
       140
       143
       122
       128
       134
       139
       126
       142
       137
       111
       136
       115
       133
       103
       121
       137
       104
       139
       137
       142
       127
       135
       131
       144
       121
       134
       102
       119
       130
       108
       141
       119
       133
       115
       136
       133
       129
       122
       117
       126
       102
       118
       115
       115
       126
       135
       137
       122
       107
       133
       133
       128
       112
       134
       118
       149
       133
       107
       132
       127
       136
       128
       114
       108
       132
       138
       107
       116
       140
       129
       129
       124
       125
       139
       114
       104
       116
       133
       132
       141
       108
       121
       134
       115
       129
       125
       119
       112
       121
       128
       101
       126
       110
       122
       125
       100
       132
       117
       127
       128
       138
       138
       128
       123
       112
       108
       141
       126
       120
       130
        97
       106
       115
       133
       139
       112
       124
       115
       109
       111
       137
       125
       118
       112
       138
       112
       136
       119
       122
       120
       127
       118
       105
       135
       117
       112
       108
       116
       125
       113
       122
       121
       132
       124
       128
       142
       125
       115
       136
       141
       116
       117
       142
       130
       129
       121
       121
       104
       127
       126
       123
       128
       143
       135
       115
       145
       116
       140
       144
       125
       127
       126
       129
       121
       126
       113
       102
       122
       135
       140
       119
       124
       120
       123
       105
        95
       122
       148
       137
       132
       119
       128
       122
       129
       120
       106
       116
       112
       126
       115
       118
       120
       122
       100
       134
       119
       138
       123
       127
       116
       119
       125
       138
       118
       124
        91
       112
       132
       131
       116
       124
       115
       130
       141
       139
       119
       112
       121
       118
       131
       130
       150
       135
       108
       130
       111
       129
       119
       119
       114
       106
       119
       131
       128
       122
       136
       130
       152
       119
       114
       139
       103
       127
       137
       129
       146
       123
       140
       122
       125
       131
       131
       127
       120
       126
       113
       117
       131
       101
       105
       120
       133
       131
       146
       116
       124
       117
       119
       127
       118
       116
       125
       131
       118
       109
       128
       148
       102
       119
       127
       132
       122
       121
       121
       116
       131
       121
       119
       115
       109
       103
       121
       137
       125
       132
       131
       134
       133
       109
       133
       120
       115
       111
       126
       116
       111
       124
       132
       126
       133
       114
       134
       129
       115
       143
       129
       122
       108
       127
       114
       104
       124
       108
       133
       134
       117
       105
       128
       118
       144
       115
       133
       119
       133
       106
       119
       117
       113
       102
       130
       118
        95
       129
       119
       137
       112
       136
       131
       113
       125
       117
       125
       124
       127
       129
       129
       113
       107
       146
       135
       116
       113
       135
       130
       111
       130
       140
       124
       126
       128
       121
       136
       130
       117
       129
       122
       135
       123
       116
       120
        99
       119
       132
       122
       126
       135
       120
       124
       128
       134
       123
       126
       136
       140
       122
       114
       147
       134
       108
       128
       123
       167
       140
       147
       157
       135
       137
       126
       137
       127
       132
       110
       127
       125
       116
       133
       119
       122
       118
       131
       114
       130
       118
       114
       108
       155
       132
       127
       121
       106
       123
       112
       129
       132
       116
       143
       106
       126
       125
       129
       113
       137
       121
       137
       107
       129
       128
       132
       111
       121
       129
       115
       124
       139
       124
       118
       124
       126
       123
       124
       133
       121
       112
       118
       137
       145
       127
       133
       135
        97
       124
       115
       128
       134
       119
       106
       123
       130
       134
       126
       126
       116
       132
       123
       123
       126
       140
       146
       122
       146
       119
       143
       125
       135
       109
       144
       131
       103
       130
       127
       126
       115
       122
       141
       126
       121
       115
       144
       131
       135
       122
       110
       143
       122
       123
       127
       122
       116
       130
       136
       132
       138
       123
       139
       117
       123
       132
       116
       133
       112
       110
       129
       131
       123
       125
       118
       124
       119
       126
       133
       114
       132
       126
       112
       113
       146
       111
       125
       135
       142
       103
       122
       119
       126
       128
       128
       115
       138
       132
       135
       110
       128
       143
       143
       132
       121
       134
       113
       121
       107
       123
       119
       121
       122
       122
       118
       135
       111
       117
       119
       131
       126
       121
       143
       133
       110
       137
       130
       121
       120
       109
       138
       122
       129
       124
       115
       118
       130
       127
       130
       111
       122
       128
       127
       107
       118
       136
       134
       140
       119
       116
       118
       132
       131
       117
       136
       141
       124
       130
       123
       138
       132
       125
       128
       108
       136
       113
       115
       135
       134
       130
       107
       103
       115
       143
       109
       129
       127
       133
       115
       119
       105
       130
       131
       148
       118
       131
       116
       128
       125
       115
       150
       130
       122
       128
       127
       131
       131
       122
       124
       126
       112
       136
       124
       148
       125
       125
       142
       131
       142
       134
       127
       118
       119
       116
       128
       121
       117
       142
       116
       126
       133
       129
       118
       103
       139
       107
       127
       128
       115
       115
       102
       111
       117
       127
       124
       146
       117
       129
       109
       133
       106
       124
       120
       105
       128
       136
       136
       122
       139
       155
       120
       130
       120
       130
       107
       138
       128
       126
       115
       112
       123
       133
       137
       139
       136
       141
       114
       135
       122
       140
       120
       125
       137
       121
       121
       128
       117
       122
       105
       139
       132
       131
       122
       139
       127
       141
       113
        91
       128
       119
       123
       130
       125
       130
       125
       134
       122
       140
       154
       123
       114
       136
       144
       128
       152
       121
       120
       127
       131
       105
       125
       112
       114
       131
       115
       124
       122
       114
       115
       128
       135
       126
       148
       129
       112
       139
       114
       136
       112
       149
       137
       131
       132
       125
       143
       127
       110
       133
        92
       124
       129
       145
       125
       108
       131
       128
       133
       139
       136
       119
       139
       131
       133
       123
       123
       124
       112
       119
       134
       125
       131
       122
       130
       141
       126
       131
       126
       127
       110
       105
       122
       121
       130
       126
       120
       154
       144
       145
       130
       131
       132
       130
       122
       115
       137
       115
       109
       134
       121
       137
       114
       133
       127
       122
       127
       141
       147
       123
       124
       141
       119
       131
       113
       136
       142
       129
       123
       135
       131
       135
       147
       138
       143
       140
       115
       127
       139
       129
       122
       121
       138
       140
       139
       114
       122
       139
       112
       127
       117
       124
       140
       132
       127
       135
       137
       127
       116
       109
       127
       126
       104
       126
       132
       105
       138
       110
       128
       121
       124
       113
       115
       139
       120
       119
       126
       133
       148
       140
       125
       138
       145
       111
       114
       134
       118
       124
       107
       136
       135
       127
       126
       139
       154
       126
       146
       129
       128
       122
       115
       112
       138
       127
       119
       129
       124
       135
       109
       111
       119
       126
       130
       121
       118
       135
       121
       112
       123
       124
       108
       159
       129
       117
       113
       109
       127
       125
       145
       112
       121
       151
       114
       127
       113
       122
       124
       121
       128
       139
       133
       114
       114
       123
       131
       136
       127
       132
       134
        97
       147
       118
       130
       120
       142
       128
       106
       124
       138
       136
       131
       119
       130
        95
       128
       130
       120
       117
       132
       151
       141
       125
       137
       135
       119
       119
       126
       129
       124
       101
       129
       128
       131
       110
       124
       120
       118
       122
       126
       115
       133
       124
       135
       133
       112
       117
       126
       142
       126
       141
       122
       123
       151
       141
       134
       125
       134
       120
       117
       131
       133
       113
       127
       121
       142
       119
       139
       135
       127
       131
       128
       107
       114
       127
       113
       108
       114
       114
       120
       123
       134
       135
       136
       108
       130
       124
       132
       113
        97
       129
       146
       126
       114
       108
       126
       127
       146
       128
       121
       118
       131
       154
       124
       114
       120
       143
       123
       145
       126
       128
       132
       151
       143
       117
       140
       142
       119
       138
        94
       137
       130
       132
       138
       139
       142
       121
       136
       114
       125
       133
       108
       134
       107
       122
       103
       131
       126
       132
       134
       133
       127
       132
       114
       128
       122
       120
       116
       132
       139
       124
       110
       146
       113
       121
       144
       117
       132
       141
       108
       141
       125
       132
       117
       107
       118
       131
       148
       135
       127
       138
       127
       138
       121
       118
       127
       130
       126
       154
       120
       125
       140
       132
       139
       135
       132
       114
       132
       136
       109
       126
       123
       149
       117
       120
       125
       124
       118
       106
       108
       111
       131
       118
       144
       133
       121
       130
       129
       127
       119
       119
       144
       121
       124
       144
       130
       144
       121
       143
       138
       128
       107
       120
       117
       127
       122
       147
       122
       142
       131
       124
       121
       128
       131
       133
       124
       127
       127
       125
       136
       121
       133
       134
       140
       131
       118
       126
       128
       120
       153
       129
       128
       134
       135
       111
       133
       132
       128
       120
       131
       124
       119
       139
       122
       127
       114
       129
       128
       118
       134
       134
       112
       128
       110
       143
       117
       124
       135
       130
       139
       135
       122
       120
       130
       121
       116
       108
       114
       136
       140
       125
       126
       132
       146
       145
       145
       122
       118
       150
       109
       131
       147
       127
       118
       147
       132
       106
       105
       122
       102
       132
       113
       117
       116
       125
       126
       131
       134
       119
       125
       132
       126
       112
       118
       120
       138
       112
       127
       129
       132
       108
       131
       121
       107
       128
       109
       113
       130
       129
       127
       130
       128
       108
       124
       122
       115
       125
       121
       124
       133
       113
       110
       127
       132
       137
       122
       127
       111
       139
       132
       133
       123
       130
       140
       134
       124
       130
       139
       127
       134
       136
       105
       133
       131
       122
       131
       130
       115
       106
       103
       136
       115
       128
       111
       125
       139
       126
       146
       117
       116
       111
       138
       109
       119
       131
        98
       106
        57
        35
         6
         2
         0
         0
         0
         0
         0
         0
         0
         0
         0
         0
         0
         0
         0
         0
         0
         0
         0
         0
         0
         0
         0
         0
         0
         0
         0
         0
         0
         0
         0
         0
         0
         0
         0
         0
         0
         0
         0
         0
         0
         0
