C:\Documents and Settings\studenti\Desktop\dede\START_STOP_SYNCOUT.txt

DATE:
11/9/2016
TIME:
4898.2 4924.5
DATA:
0 4096
         0
         0
         0
         0
         0
         0
         0
         0
         0
         0
         0
         0
         0
         0
         0
         0
         0
         0
         0
         0
         0
         0
         0
         0
         0
         0
         0
         0
         0
         0
         0
         0
         0
         0
         0
         0
         0
         0
         0
         0
         0
         0
         0
         0
         0
         0
         0
         0
         0
         0
         0
         0
         0
         0
         0
         0
         0
         0
         0
         0
         0
         0
         0
         0
         0
         0
         0
         0
         0
         0
         0
         0
         0
         0
         0
         0
         0
         0
         0
         0
         0
         0
         0
         0
         0
         0
         0
         0
         0
         0
         0
         0
         0
         0
         0
         0
         0
         0
         0
         0
         0
         0
         0
         0
         0
         0
         0
         0
         0
         0
         0
         0
         0
         0
         0
         0
         0
         0
         0
         0
         0
         0
         0
         0
         0
         0
         0
         0
         0
         0
         0
         0
         0
         0
         0
         0
         0
         0
         0
         0
         0
         0
         0
         0
         0
         0
         0
         0
         0
         0
         0
     39006
   8531967
  12070668
    220124
       384
       411
       412
       417
       431
       404
       394
       408
       375
       382
       403
       395
       396
       415
       386
       386
       395
       397
       412
       419
       376
       381
       421
       376
       412
       385
       410
       355
       400
       396
       378
       398
       388
       416
       366
       389
       383
       371
       412
       393
       393
       396
       407
       389
       407
       389
       405
       397
       411
       396
       368
       396
       387
       407
       382
       405
       384
       364
       373
       415
       447
       401
       407
       398
       436
       389
       390
       373
       372
       397
       374
       409
       413
       427
       391
       374
       400
       410
       365
       402
       413
       399
       374
       364
       379
       376
       428
       361
       365
       409
       394
       383
       383
       387
       401
       411
       435
       398
       401
       391
       410
       381
       386
       380
       373
       359
       380
       432
       392
       399
       398
       390
       389
       421
       405
       393
       382
       370
       370
       396
       395
       409
       355
       369
       375
       389
       394
       364
       368
       403
       382
       389
       386
       388
       420
       409
       405
       389
       369
       405
       399
       436
       382
       424
       420
       379
       399
       385
       391
       393
       399
       380
       385
       392
       404
       364
       365
       393
       435
       387
       404
       396
       406
       395
       410
       404
       407
       408
       409
       404
       395
       388
       416
       424
       431
       385
       419
       379
       408
       409
       382
       347
       397
       412
       400
       419
       377
       433
       391
       415
       365
       393
       389
       376
       369
       402
       372
       413
       361
       378
       398
       399
       376
       403
       401
       398
       383
       398
       363
       371
       376
       373
       397
       391
       380
       412
       357
       363
       420
       407
       392
       383
       413
       392
       401
       402
       396
       363
       408
       383
       359
       381
       371
       384
       390
       411
       378
       402
       398
       383
       373
       401
       413
       368
       440
       401
       391
       391
       399
       432
       409
       349
       334
       360
       365
       363
       363
       378
       390
       359
       394
       388
       380
       356
       358
       366
       384
       411
       400
       384
       386
       390
       387
       381
       382
       387
       387
       387
       418
       373
       350
       431
       357
       389
       399
       400
       386
       373
       393
       423
       384
       364
       401
       379
       375
       368
       403
       427
       404
       411
       422
       388
       377
       416
       367
       361
       409
       397
       392
       417
       382
       369
       410
       419
       384
       406
       415
       376
       416
       386
       392
       398
       422
       409
       389
       440
       379
       407
       430
       428
       381
       395
       375
       342
       379
       376
       399
       385
       389
       411
       360
       400
       383
       407
       378
       395
       365
       391
       394
       378
       359
       381
       377
       348
       371
       391
       376
       414
       394
       377
       410
       371
       428
       405
       358
       366
       370
       379
       386
       400
       418
       397
       371
       372
       386
       408
       388
       411
       430
       399
       417
       369
       397
       387
       377
       352
       444
       400
       371
       407
       409
       426
       374
       394
       419
       371
       365
       401
       425
       415
       384
       415
       393
       369
       369
       383
       402
       382
       398
       391
       389
       348
       374
       348
       405
       375
       414
       388
       385
       394
       390
       403
       412
       418
       380
       409
       394
       375
       407
       381
       396
       404
       381
       429
       411
       409
       407
       386
       385
       393
       365
       376
       372
       391
       371
       377
       412
       367
       379
       370
       395
       397
       404
       442
       410
       394
       345
       370
       401
       374
       428
       406
       390
       380
       392
       372
       393
       360
       396
       402
       373
       410
       391
       356
       378
       393
       376
       395
       415
       400
       368
       368
       393
       401
       366
       415
       350
       376
       377
       395
       366
       359
       397
       373
       397
       415
       421
       394
       420
       403
       406
       354
       362
       371
       400
       357
       378
       402
       397
       397
       378
       396
       407
       394
       381
       427
       366
       372
       383
       408
       392
       383
       411
       392
       377
       373
       392
       394
       390
       384
       455
       384
       371
       378
       410
       395
       358
       392
       430
       385
       377
       386
       398
       404
       365
       369
       382
       377
       384
       405
       405
       406
       415
       411
       387
       374
       397
       400
       401
       364
       411
       393
       365
       421
       395
       428
       381
       360
       363
       392
       435
       400
       380
       366
       423
       404
       413
       391
       390
       423
       388
       393
       404
       407
       422
       386
       418
       390
       375
       389
       364
       411
       432
       417
       371
       409
       369
       424
       418
       405
       386
       390
       367
       395
       393
       403
       403
       388
       384
       351
       394
       444
       413
       403
       399
       435
       408
       363
       378
       396
       382
       398
       415
       402
       399
       392
       421
       375
       429
       428
       403
       391
       364
       391
       367
       377
       386
       389
       393
       391
       403
       378
       430
       377
       397
       388
       395
       401
       374
       428
       402
       433
       391
       389
       402
       407
       373
       395
       388
       422
       390
       378
       397
       378
       395
       394
       351
       446
       382
       358
       367
       377
       423
       405
       371
       382
       419
       385
       396
       367
       398
       399
       371
       427
       389
       369
       401
       383
       357
       349
       381
       361
       371
       385
       400
       373
       398
       369
       408
       362
       394
       414
       394
       391
       379
       378
       392
       378
       369
       389
       377
       409
       382
       385
       399
       397
       417
       388
       369
       390
       378
       421
       387
       411
       390
       403
       411
       400
       386
       363
       381
       398
       379
       379
       380
       383
       400
       395
       351
       405
       393
       362
       415
       399
       396
       392
       375
       387
       395
       375
       410
       392
       376
       392
       403
       409
       422
       391
       407
       396
       409
       359
       414
       403
       422
       404
       375
       388
       352
       368
       414
       387
       379
       405
       375
       394
       424
       400
       382
       389
       376
       413
       397
       393
       358
       433
       407
       395
       400
       376
       395
       386
       377
       407
       399
       309
       412
       375
       389
       351
       398
       418
       417
       375
       391
       408
       369
       388
       382
       375
       358
       380
       363
       408
       380
       419
       429
       394
       418
       404
       404
       392
       396
       384
       411
       420
       387
       389
       414
       369
       382
       385
       438
       372
       394
       389
       394
       355
       381
       382
       377
       365
       411
       376
       430
       424
       398
       346
       388
       375
       403
       397
       403
       370
       382
       413
       410
       411
       385
       397
       377
       367
       372
       372
       380
       413
       394
       380
       394
       393
       412
       392
       385
       394
       388
       397
       381
       412
       384
       368
       419
       418
       409
       400
       404
       367
       399
       401
       393
       402
       384
       372
       418
       419
       409
       380
       428
       400
       389
       396
       414
       354
       383
       379
       404
       355
       375
       370
       361
       380
       426
       377
       396
       430
       393
       409
       399
       394
       410
       386
       357
       414
       397
       412
       380
       428
       360
       413
       381
       381
       397
       396
       373
       399
       400
       385
       389
       405
       398
       373
       386
       397
       395
       406
       388
       395
       404
       378
       371
       395
       406
       376
       395
       371
       388
       418
       356
       400
       401
       403
       387
       421
       368
       369
       433
       428
       395
       393
       402
       380
       381
       382
       397
       381
       401
       378
       379
       387
       386
       411
       374
       357
       404
       380
       374
       404
       367
       350
       362
       434
       407
       389
       382
       430
       405
       381
       408
       386
       384
       399
       387
       403
       389
       372
       406
       370
       426
       381
       365
       395
       386
       389
       411
       392
       402
       438
       344
       380
       392
       351
       408
       372
       416
       389
       417
       364
       381
       378
       417
       369
       425
       391
       369
       417
       405
       410
       390
       375
       387
       381
       391
       412
       403
       356
       374
       413
       358
       391
       401
       425
       386
       423
       386
       395
       400
       368
       402
       417
       410
       389
       358
       381
       390
       379
       390
       388
       377
       388
       396
       366
       385
       422
       381
       364
       404
       417
       379
       363
       390
       380
       398
       377
       424
       386
       372
       420
       377
       421
       389
       391
       388
       369
       381
       388
       411
       380
       388
       384
       396
       389
       422
       365
       394
       382
       396
       407
       409
       394
       387
       414
       422
       397
       352
       408
       380
       392
       374
       403
       407
       411
       391
       417
       376
       374
       391
       389
       424
       399
       359
       380
       368
       372
       406
       397
       412
       423
       375
       411
       377
       401
       399
       423
       365
       373
       424
       372
       393
       369
       414
       401
       369
       420
       369
       370
       379
       417
       374
       414
       384
       419
       404
       384
       390
       387
       384
       390
       418
       424
       400
       391
       354
       369
       395
       387
       388
       420
       416
       370
       397
       384
       387
       369
       377
       384
       363
       390
       394
       380
       379
       360
       395
       433
       380
       380
       392
       368
       363
       406
       405
       391
       363
       397
       366
       408
       383
       411
       378
       378
       397
       381
       369
       381
       466
       391
       387
       400
       407
       403
       394
       381
       377
       384
       366
       371
       397
       373
       343
       412
       409
       404
       405
       402
       415
       372
       420
       362
       386
       408
       385
       422
       395
       374
       390
       424
       360
       360
       369
       365
       357
       392
       406
       363
       382
       378
       422
       378
       408
       392
       392
       399
       383
       388
       393
       400
       396
       369
       413
       389
       412
       391
       427
       386
       406
       411
       390
       440
       395
       401
       396
       413
       380
       379
       396
       388
       373
       383
       365
       400
       377
       360
       404
       435
       369
       396
       376
       410
       425
       359
       371
       367
       387
       380
       387
       390
       394
       323
       377
       384
       382
       389
       368
       393
       372
       409
       385
       387
       428
       385
       370
       385
       415
       384
       392
       377
       416
       367
       367
       392
       385
       368
       375
       393
       379
       394
       395
       430
       379
       381
       398
       386
       391
       382
       412
       424
       388
       394
       405
       421
       392
       393
       403
       359
       399
       438
       397
       341
       376
       402
       409
       388
       414
       402
       391
       395
       380
       406
       401
       382
       401
       407
       373
       410
       414
       414
       426
       387
       412
       403
       409
       353
       368
       426
       413
       374
       383
       411
       369
       374
       411
       380
       380
       403
       383
       368
       383
       397
       404
       366
       377
       373
       411
       401
       390
       392
       399
       397
       383
       405
       392
       429
       379
       402
       371
       413
       383
       412
       413
       386
       400
       416
       389
       373
       418
       399
       379
       389
       369
       417
       412
       397
       379
       401
       361
       390
       365
       359
       402
       391
       430
       381
       393
       402
       359
       394
       405
       417
       395
       346
       423
       395
       401
       371
       435
       410
       402
       420
       404
       401
       395
       386
       414
       414
       383
       419
       359
       429
       412
       356
       383
       423
       404
       353
       393
       369
       374
       359
       356
       408
       394
       390
       397
       376
       430
       362
       397
       373
       377
       434
       412
       364
       380
       419
       362
       383
       405
       408
       393
       420
       400
       380
       346
       380
       370
       387
       370
       399
       381
       387
       405
       442
       377
       416
       391
       392
       416
       393
       351
       402
       430
       384
       339
       391
       378
       384
       392
       390
       407
       367
       405
       399
       405
       409
       407
       388
       414
       371
       381
       382
       384
       393
       434
       345
       426
       399
       411
       390
       392
       420
       370
       387
       391
       403
       399
       386
       367
       375
       398
       375
       378
       407
       414
       410
       406
       416
       417
       411
       362
       423
       344
       390
       412
       360
       386
       382
       387
       366
       404
       378
       401
       406
       355
       361
       381
       377
       408
       374
       369
       368
       388
       391
       407
       418
       373
       366
       381
       372
       395
       414
       384
       421
       391
       389
       438
       361
       384
       409
       417
       432
       378
       414
       428
       379
       378
       382
       406
       393
       339
       371
       362
       397
       425
       391
       379
       386
       406
       357
       388
       366
       398
       378
       383
       434
       418
       392
       368
       392
       381
       393
       395
       371
       421
       376
       414
       398
       347
       380
       386
       402
       417
       390
       413
       406
       393
       404
       373
       417
       383
       377
       382
       414
       399
       403
       372
       360
       381
       422
       393
       402
       373
       416
       416
       393
       401
       405
       370
       395
       420
       400
       383
       380
       374
       413
       376
       390
       393
       377
       373
       367
       408
       401
       391
       391
       373
       400
       348
       410
       389
       381
       358
       388
       396
       391
       378
       397
       387
       395
       368
       342
       407
       386
       395
       417
       392
       399
       397
       365
       358
       400
       414
       387
       389
       435
       386
       417
       417
       405
       369
       374
       420
       398
       412
       380
       403
       418
       403
       365
       366
       365
       371
       386
       401
       396
       368
       419
       399
       405
       393
       398
       402
       388
       417
       407
       377
       372
       375
       378
       372
       389
       385
       407
       390
       375
       382
       445
       367
       395
       390
       369
       372
       377
       418
       375
       375
       436
       384
       401
       354
       425
       396
       434
       377
       370
       365
       404
       388
       386
       375
       389
       405
       415
       386
       379
       366
       381
       354
       384
       444
       424
       423
       401
       358
       400
       403
       396
       411
       413
       386
       389
       399
       397
       371
       384
       366
       402
       386
       430
       399
       387
       385
       403
       405
       391
       371
       394
       399
       426
       400
       368
       376
       390
       351
       396
       380
       391
       386
       387
       409
       398
       398
       383
       387
       372
       378
       377
       369
       385
       384
       367
       392
       371
       357
       414
       364
       397
       389
       403
       389
       399
       367
       421
       408
       374
       419
       390
       415
       402
       385
       380
       376
       407
       376
       412
       397
       387
       421
       400
       375
       405
       393
       360
       414
       407
       362
       389
       395
       384
       415
       403
       406
       394
       410
       383
       381
       420
       415
       353
       348
       402
       419
       410
       399
       447
       382
       351
       402
       424
       398
       404
       389
       363
       407
       362
       381
       391
       431
       420
       419
       423
       401
       361
       406
       418
       381
       432
       426
       398
       383
       400
       410
       373
       358
       358
       385
       397
       349
       385
       394
       412
       389
       407
       397
       407
       352
       380
       391
       413
       377
       412
       395
       393
       383
       386
       401
       386
       399
       407
       374
       375
       379
       392
       366
       396
       415
       419
       380
       379
       362
       388
       394
       392
       397
       407
       404
       403
       382
       396
       412
       399
       368
       381
       397
       377
       383
       404
       382
       435
       399
       440
       385
       391
       391
       372
       391
       371
       368
       392
       416
       390
       416
       402
       425
       393
       375
       373
       377
       428
       369
       422
       400
       399
       402
       394
       364
       412
       357
       439
       354
       376
       373
       379
       386
       376
       387
       352
       372
       370
       424
       373
       370
       408
       353
       432
       364
       394
       416
       382
       384
       389
       387
       396
       397
       395
       371
       350
       411
       373
       417
       391
       379
       381
       432
       422
       423
       388
       387
       379
       391
       413
       397
       404
       379
       367
       414
       377
       418
       404
       369
       390
       410
       384
       394
       351
       396
       437
       404
       391
       402
       410
       383
       392
       375
       352
       385
       348
       381
       372
       405
       408
       434
       396
       412
       387
       403
       385
       408
       382
       395
       353
       384
       386
       379
       363
       377
       398
       358
       390
       334
       374
       363
       373
       423
       401
       377
       392
       349
       380
       433
       414
       347
       389
       403
       382
       386
       400
       379
       392
       400
       369
       383
       397
       344
       392
       384
       417
       391
       399
       410
       425
       435
       394
       396
       416
       420
       429
       407
       428
       409
       406
       424
       393
       438
       424
       403
       389
       396
       419
       431
       417
       432
       441
       417
       432
       476
       448
       423
       417
       438
       424
       472
       432
       439
       478
       443
       441
       473
       446
       475
       433
       455
       486
       491
       443
       438
       487
       489
       458
       466
       431
       498
       485
       460
       446
       446
       454
       453
       435
       496
       444
       444
       482
       486
       441
       421
       437
       425
       413
       456
       453
       411
       435
       431
       436
       401
       438
       435
       425
       440
       439
       427
       399
       405
       382
       433
       409
       440
       443
       392
       449
       443
       417
       426
       378
       387
       397
       399
       406
       374
       446
       421
       380
       431
       378
       451
       399
       442
       394
       406
       416
       405
       402
       414
       418
       399
       431
       447
       425
       445
       410
       436
       382
       423
       427
       429
       425
       428
       453
       440
       433
       405
       389
       413
       404
       420
       397
       452
       386
       414
       392
       408
       427
       432
       476
       420
       401
       382
       433
       396
       416
       411
       403
       437
       409
       454
       401
       456
       418
       435
       425
       439
       414
       415
       425
       409
       374
       410
       404
       425
       409
       425
       431
       439
       390
       466
       453
       373
       399
       452
       427
       378
       444
       434
       436
       410
       424
       410
       408
       426
       429
       414
       429
       397
       440
       422
       387
       415
       408
       395
       464
       418
       405
       424
       413
       445
       401
       436
       391
       418
       402
       451
       403
       432
       421
       472
       422
       418
       384
       399
       387
       403
       397
       452
       429
       406
       432
       403
       407
       403
       421
       407
       407
       430
       442
       405
       444
       412
       411
       407
       398
       414
       382
       412
       430
       417
       400
       456
       413
       404
       433
       415
       394
       406
       427
       401
       386
       436
       402
       378
       398
       400
       417
       401
       419
       404
       423
       402
       424
       367
       422
       408
       392
       412
       443
       413
       443
       413
       376
       375
       404
       447
       372
       387
       401
       402
       402
       395
       398
       392
       428
       373
       382
       415
       406
       391
       422
       394
       389
       392
       394
       416
       370
       405
       393
       395
       395
       423
       405
       387
       425
       383
       363
       347
       423
       420
       419
       404
       418
       411
       430
       415
       356
       378
       399
       353
       409
       376
       392
       413
       371
       399
       376
       423
       395
       414
       353
       385
       376
       408
       407
       397
       401
       385
       367
       386
       381
       409
       393
       404
       393
       377
       408
       387
       410
       387
       368
       384
       413
       411
       373
       402
       386
       394
       363
       334
       378
       407
       361
       375
       408
       372
       411
       370
       351
       369
       382
       375
       392
       433
       374
       388
       393
       361
       397
       382
       360
       364
       388
       372
       360
       418
       394
       384
       381
       378
       385
       410
       389
       381
       385
       389
       349
       406
       359
       360
       385
       399
       362
       392
       427
       383
       386
       369
       418
       391
       402
       392
       386
       402
       396
       405
       394
       368
       375
       386
       369
       368
       414
       391
       401
       357
       377
       377
       404
       401
       374
       385
       362
       390
       383
       387
       431
       393
       415
       390
       377
       368
       406
       391
       394
       364
       386
       390
       390
       400
       386
       397
       379
       359
       396
       427
       395
       403
       383
       361
       397
       391
       388
       418
       360
       363
       394
       358
       346
       371
       385
       368
       411
       344
       386
       411
       378
       417
       392
       402
       363
       397
       368
       390
       401
       388
       419
       361
       384
       378
       353
       415
       377
       381
       363
       407
       360
       363
       362
       434
       417
       376
       384
       369
       365
       359
       403
       348
       377
       405
       337
       384
       387
       412
       367
       375
       390
       390
       379
       385
       360
       416
       413
       382
       379
       404
       397
       394
       362
       360
       374
       395
       379
       375
       417
       400
       362
       347
       382
       357
       409
       400
       381
       392
       386
       383
       362
       375
       352
       388
       389
       390
       395
       387
       395
       391
       407
       364
       368
       380
       395
       397
       382
       355
       401
       412
       383
       365
       361
       394
       425
       425
       403
       392
       381
       389
       327
       333
       409
       385
       368
       376
       341
       378
       399
       362
       362
       348
       393
       386
       363
       376
       347
       360
       377
       372
       405
       390
       426
       411
       399
       387
       365
       376
       402
       376
       363
       364
       383
       404
       389
       407
       407
       346
       365
       374
       330
       379
       420
       394
       410
       393
       392
       405
       392
       393
       396
       395
       409
       438
       393
       380
       395
       380
       371
       371
       373
       405
       389
       396
       378
       378
       380
       363
       371
       389
       417
       378
       363
       408
       397
       334
       389
       376
       359
       350
       349
       379
       375
       394
       398
       414
       369
       368
       395
       373
       413
       409
       376
       376
       390
       398
       399
       367
       413
       383
       384
       354
       398
       358
       406
       376
       394
       374
       407
       397
       343
       405
       361
       393
       400
       417
       369
       413
       412
       389
       400
       403
       404
       382
       340
       364
       387
       387
       376
       386
       384
       358
       366
       401
       379
       368
       374
       382
       383
       375
       396
       377
       392
       385
       393
       368
       371
       420
       388
       370
       428
       368
       374
       416
       384
       391
       341
       424
       421
       389
       372
       381
       367
       388
       357
       366
       378
       397
       382
       395
       377
       354
       358
       377
       395
       367
       361
       389
       385
       376
       366
       374
       373
       357
       354
       394
       397
       423
       387
       361
       387
       386
       369
       387
       398
       470
       471
       439
       436
       421
       421
       396
       389
       399
       383
       382
       393
       421
       376
       392
       375
       389
       389
       400
       414
       402
       335
       395
       372
       380
       410
       408
       414
       409
       378
       400
       365
       390
       380
       401
       392
       388
       414
       411
       399
       402
       373
       386
       385
       357
       401
       372
       400
       390
       393
       369
       405
       377
       385
       377
       392
       362
       413
       366
       426
       362
       419
       393
       397
       399
       415
       366
       427
       417
       362
       377
       385
       379
       383
       369
       431
       404
       401
       384
       378
       395
       423
       412
       369
       379
       362
       396
       359
       368
       380
       435
       413
       390
       386
       389
       407
       378
       379
       373
       370
       416
       394
       359
       381
       347
       376
       383
       399
       388
       401
       366
       406
       415
       403
       391
       343
       395
       378
       380
       373
       390
       402
       399
       385
       380
       375
       354
       391
       378
       371
       400
       418
       404
       413
       362
       411
       388
       398
       392
       368
       409
       431
       401
       381
       408
       363
       433
       397
       362
       382
       349
       385
       341
       405
       412
       393
       399
       399
       422
       388
       386
       416
       391
       400
       360
       370
       406
       383
       412
       379
       386
       373
       387
       418
       379
       392
       396
       439
       372
       328
       424
       409
       424
       408
       377
       401
       368
       398
       350
       409
       410
       380
       382
       387
       402
       366
       379
       393
       421
       401
       402
       392
       372
       390
       384
       413
       374
       411
       375
       398
       392
       397
       399
       387
       386
       384
       378
       382
       377
       378
       390
       408
       386
       383
       372
       388
       361
       412
       374
       391
       408
       373
       393
       377
       386
       393
       368
       379
       396
       385
       376
       365
       385
       389
       435
       417
       340
       385
       402
       390
       412
       382
       369
       374
       380
       373
       374
       405
       405
       420
       396
       415
       407
       395
       427
       400
       380
       395
       358
       412
       413
       418
       374
       340
       400
       402
       396
       435
       425
       385
       404
       402
       400
       428
       361
       415
       379
       386
       385
       370
       410
       382
       377
       401
       389
       410
       413
       384
       375
       421
       372
       397
       391
       373
       386
       387
       394
       393
       363
       360
       377
       386
       372
       413
       367
       392
       347
       403
       391
       435
       390
       375
       385
       427
       374
       390
       412
       357
       365
       410
       389
       381
       376
       373
       385
       407
       389
       405
       396
       372
       380
       394
       396
       355
       405
       357
       408
       358
       441
       367
       391
       355
       417
       386
       405
       415
       382
       422
       366
       414
       408
       395
       420
       384
       387
       358
       417
       421
       389
       380
       385
       380
       409
       407
       369
       397
       374
       364
       428
       398
       409
       415
       366
       385
       430
       417
       373
       395
       420
       391
       368
       379
       428
       375
       411
       386
       405
       389
       407
       396
       381
       397
       375
       392
       397
       389
       384
       361
       394
       417
       366
       375
       441
       399
       379
       396
       386
       385
       371
       406
       411
       371
       390
       389
       351
       403
       378
       400
       429
       404
       400
       417
       404
       399
       369
       380
       392
       367
       409
       393
       373
       401
       376
       364
       408
       409
       395
       422
       397
       377
       380
       381
       394
       408
       391
       373
       380
       391
       388
       392
       371
       404
       326
       415
       391
       429
       393
       374
       393
       375
       357
       368
       369
       393
       377
       405
       392
       390
       387
       369
       367
       362
       354
       383
       396
       392
       384
       381
       401
       385
       398
       375
       389
       389
       373
       401
       419
       424
       390
       362
       381
       380
       403
       421
       385
       406
       389
       408
       391
       388
       391
       402
       368
       379
       376
       400
       399
       392
       392
       434
       379
       388
       376
       383
       372
       374
       391
       366
       421
       398
       428
       386
       418
       379
       335
       371
       397
       385
       407
       364
       410
       374
       375
       388
       380
       397
       374
       387
       380
       388
       395
       410
       404
       401
       377
       386
       412
       400
       411
       408
       401
       390
       366
       376
       387
       393
       394
       433
       394
       376
       406
       380
       408
       404
       394
       388
       383
       347
       378
       415
       385
       414
       387
       370
       390
       407
       412
       380
       377
       345
       386
       408
       401
       383
       419
       374
       408
       377
       405
       413
       385
       385
       368
       404
       414
       411
       370
       415
       385
       399
       371
       402
       363
       399
       386
       409
       362
       401
       382
       418
       419
       429
       412
       396
       409
       401
       413
       409
       424
       406
       360
       378
       396
       357
       433
       354
       398
       415
       355
       372
       379
       374
       390
       408
       363
       406
       371
       409
       386
       413
       386
       390
       361
       384
       420
       363
       403
       419
       404
       418
       384
       378
       377
       406
       407
       362
       367
       409
       398
       413
       412
       402
       404
       386
       396
       411
       390
       408
       369
       401
       382
       380
       396
       434
       382
       404
       396
       397
       396
       396
       416
       366
       380
       426
       412
       387
       383
       397
       403
       378
       406
       403
       386
       389
       405
       408
       418
       379
       344
       405
       402
       382
       354
       393
       373
       401
       376
       389
       436
       400
       407
       398
       386
       396
       398
       410
       404
       392
       391
       390
       422
       382
       414
       428
       382
       429
       400
       379
       377
       399
       392
       338
       376
       393
       414
       379
       430
       427
       374
       402
       388
       396
       390
       374
       427
       384
       403
       389
       416
       358
       371
       374
       400
       375
       366
       413
       331
       390
       384
       400
       384
       408
       414
       380
       373
       364
       406
       367
       417
       381
       399
       409
       436
       369
       413
       437
       402
       367
       403
       411
       413
       380
       414
       400
       379
       362
       368
       417
       360
       389
       376
       385
       401
       372
       401
       393
       382
       373
       383
       380
       416
       383
       412
       412
       371
       394
       379
       418
       400
       408
       397
       433
       397
       395
       390
       409
       384
       391
       393
       361
       356
       419
       380
       410
       436
       404
       376
       387
       353
       406
       395
       389
       454
       399
       386
       401
       395
       395
       398
       348
       407
       372
       403
       416
       396
       369
       419
       383
       384
       403
       380
       396
       397
       363
       379
       389
       410
       401
       385
       410
       378
       413
       416
       352
       391
       417
       409
       390
       361
       395
       364
       373
       402
       412
       404
       379
       446
       411
       377
       393
       406
       347
       374
       370
       382
       373
       415
       389
       378
       394
       409
       415
       391
       419
       414
       361
       387
       393
       371
       397
       397
       406
       395
       359
       400
       410
       391
       382
       406
       388
       372
       434
       401
       394
       391
       420
       405
       343
       375
       376
       402
       402
       397
       430
       369
       395
       440
       386
       365
       389
       389
       373
       369
       405
       391
       403
       426
       431
       416
       384
       396
       375
       402
       417
       411
       414
       398
       407
       376
       413
       366
       398
       405
       392
       395
       400
       414
       418
       388
       405
       344
       369
       331
       425
       367
       367
       354
       380
       376
       377
       374
       373
       302
       213
        96
        29
         6
         0
         0
         0
         0
         0
         0
         0
         0
         0
         0
         0
         0
         0
         0
         0
         0
         0
         0
         0
         0
         0
         0
         0
         0
         0
         0
         0
         0
         0
         0
         0
         0
         0
         0
         0
         0
         0
         0
         0
         0
