C:\Documents and Settings\studenti\Desktop\dede\cal437_16_11_16.txt

DATE:
5/9/2016
TIME:
2122.8 2151.9
DATA:
0 4096
         0
         0
         0
         0
         0
         0
         0
         0
         0
         0
         0
         0
         0
         0
         0
         0
         0
         0
         0
         0
         0
         0
         0
         0
         0
         0
         0
         0
         0
         0
         0
         0
         0
         0
         0
         0
         0
         0
         0
         0
         0
         0
         0
         0
         0
         0
         0
         0
         0
         0
         0
         0
         0
         0
         0
         0
         0
         0
         0
         0
         0
         0
         0
         0
         0
         0
         0
         0
         0
         0
         0
         0
         0
         0
         0
         0
         0
         0
         0
         0
         0
         0
         0
         0
         0
         0
         0
         0
         0
         0
         0
         0
         0
         0
         0
         0
         0
         0
         0
         0
         0
         0
         0
         0
         0
         0
         0
         0
         0
         0
         0
         0
         0
         0
         0
         0
         0
         0
         0
         0
         0
         0
         0
         0
         0
         0
         0
         0
         0
         0
         0
         0
         0
         0
         0
         0
         0
         0
         0
         0
         0
         0
         0
         0
         0
         0
         0
         0
         0
         0
         0
         0
        35
      2700
     55195
     16534
        25
         0
         0
         5
     18156
    248171
    920820
    187913
      8571
      5908
      7124
      7952
     20467
    639054
   1087875
     75690
      9495
      2941
      1191
      1976
      3205
      5245
      2912
       605
      1479
      1888
       882
       619
      1077
      1674
      2362
      1232
      2045
      1597
       729
       522
       845
      1604
      2907
      2582
      1696
      1597
      3010
       853
       568
      1837
      2899
      2393
      1245
      2694
      3710
      8755
    892848
   1516167
     31106
         0
         0
         0
         0
         0
         1
         0
         0
         0
         1
         1
         2
         1
         1
         1
         0
         0
         1
         1
         1
         0
         1
         0
         0
         0
         0
         1
         0
         2
         0
         0
         1
         0
         0
      2501
     26012
     31987
      3183
      1118
      4295
     16688
     64839
      4569
        39
        47
        54
        46
        40
        40
        59
        40
        40
        46
        55
        52
        46
        46
        47
        39
        50
        56
        55
        55
       129
      2956
      3655
       365
       125
       115
       106
       113
       120
       101
        99
       113
        97
       103
       106
       118
        99
       111
        98
        93
       105
       111
       105
       135
       122
       122
       115
       137
       129
       128
       138
       157
       143
       139
       128
       133
       137
       136
       141
       142
       171
       166
       174
       191
       264
       852
       976
       159
       118
       103
       111
       125
       124
       137
       147
       115
       127
       103
        88
        98
        97
       116
       116
       125
       233
      3818
      3298
      2497
      1987
      2913
      9204
    487287
    652951
      9866
       185
       149
       151
       167
       181
       184
       165
       144
       134
       142
       151
       663
      2889
       409
        91
        69
        64
        67
        63
        59
        66
        56
        50
        45
        60
        57
        67
        55
        58
        62
        69
        62
        69
        72
        75
        81
        89
       304
      1292
       268
        95
        68
        71
        65
        80
        58
        61
        62
        57
        54
        61
        53
        51
        61
        48
        53
        52
        58
        53
        49
        64
        44
        62
        54
        50
        52
        56
        58
        55
        55
        43
        58
        55
        56
        59
        50
        61
        56
        54
        58
        72
        75
        70
        68
        63
        70
        74
        63
        69
        60
        63
        64
        62
        65
        69
        71
        72
        80
        87
        66
       112
       149
      1323
      1352
       115
       100
        66
        63
        63
        59
        52
        60
        50
        55
        61
        69
        80
       615
      1036
       115
        74
        68
        50
        53
        50
        56
        42
        53
        52
        44
        49
        53
        40
        41
        47
        45
        48
        41
        46
        39
        38
        45
        38
        39
        42
        41
        41
        44
        48
        41
        40
        36
        39
        43
        36
        40
        46
        46
        38
        46
        42
        42
        41
        43
        47
        33
        45
        49
        44
        51
        42
        40
        44
        51
        45
        49
        56
        44
        54
        56
        53
        71
        62
        84
       703
       999
       121
        67
        77
        60
        64
        57
        54
        56
        60
        53
        50
        44
        53
        50
        43
        41
        57
        51
        49
        46
        55
        47
        58
        45
        55
        50
        58
        51
        60
        53
        61
        63
        73
        81
        84
        97
       125
       664
      1772
       183
       103
        79
        95
        76
        89
        74
        94
        70
        76
        67
        59
        69
        74
        83
        96
       250
      1290
       182
        76
        69
        66
        55
        68
        48
        50
        59
        50
        52
        59
        57
        47
        55
        67
        62
        53
        61
        62
        58
        70
        60
        62
        49
        51
        72
        58
        60
        50
        68
        53
        70
        60
        60
        54
        46
        62
        52
        60
        69
        62
        70
        69
        84
        86
        93
       116
       910
       726
        99
        99
        91
        75
        75
        88
        80
        67
        82
        83
       100
        98
        85
        99
       132
      6369
    131206
     24675
       747
       620
       409
       569
       359
       433
       653
      1811
      1415
       368
       235
       288
       298
       258
       237
       169
       162
       234
       186
       120
       157
       169
       158
       134
       113
       120
       169
       139
       120
       117
       134
       111
       114
       136
        88
       107
       116
       122
       147
       146
       110
       147
       123
       122
       161
       139
       132
       112
       172
       176
       169
       199
       142
       143
       134
       139
       169
       210
       506
      2489
       631
       247
       232
       235
       265
       227
       301
       271
       305
       638
      2497
       420
       483
       471
       469
      3359
      9552
     76600
   1680848
    394879
     18572
        24
         0
         0
         0
         0
         0
         0
         0
         0
         0
         0
         0
         0
         0
         0
         0
         0
         0
         0
         0
         0
         0
         0
         0
         0
         0
         0
         0
         0
         0
         0
         0
         0
         0
         0
         0
         0
         0
         0
         0
         0
         0
         0
         0
         0
         0
         0
         0
         0
         0
         0
         0
         0
         0
         0
         0
         0
         0
         0
         0
         0
         0
         0
         0
         0
         0
         0
         0
         0
         0
         0
         0
         0
         0
         0
         0
         0
         0
         0
         0
         0
         0
         0
         0
         0
         0
         0
         0
         0
         0
         0
         0
         0
         0
         0
         0
         0
         0
         0
         0
         0
         0
         0
         0
         0
         0
         0
         0
         0
         0
         0
         0
         0
         0
         0
         0
         0
         0
         0
         0
         0
         0
         0
         0
         0
         0
         0
         0
         0
         0
         0
         0
         0
         0
         0
         0
         0
         0
         0
         0
         0
         0
         0
         0
         0
         0
         0
         0
         0
         0
         0
         0
         0
         0
         0
         0
         0
         0
         0
         0
         0
         0
         0
         0
         0
         0
         0
         0
         0
         0
         0
         0
         1
        22
        22
         2
         2
        20
        13
         1
         1
        16
        26
         2
         0
        16
        17
         1
         0
        26
        18
         2
         1
        16
        16
         2
         0
        27
        17
         1
         0
        10
        22
         2
         3
        24
        15
         1
         0
         8
        21
         2
         1
        29
        17
         1
         0
        11
        21
         3
         1
        25
        22
         2
         1
        16
        16
         4
         2
        28
        21
         0
         0
        13
        22
         0
         0
        40
        12
         2
         2
        10
        18
         4
         4
        40
        12
         1
         0
         9
        21
         7
         7
        40
         8
         1
         0
        11
        20
         4
        15
        34
         6
         1
         0
         6
        24
         3
        22
        32
         2
         1
         1
         9
        24
         1
        31
        21
         0
         1
         0
        12
        18
         5
        30
        20
         3
         0
         0
        18
        15
         5
        26
        23
         3
         1
         0
        20
        16
         3
        39
        12
         1
         1
         2
        18
        17
         2
        33
        20
         2
         1
         1
        27
        12
         4
        40
        10
         1
         1
         4
        34
         6
         4
        36
        14
         0
         1
         7
        33
         5
        10
        36
        10
         4
         1
        15
        28
         9
         1
        45
         9
         2
         2
        15
        25
        11
        11
        40
         9
         0
         2
        19
        28
         8
        11
        37
         8
         2
         1
        24
        23
         8
        18
        30
         7
         1
         1
        17
        29
         9
        32
        21
         2
         1
         1
        25
        28
         9
        38
        13
         0
         0
         1
        30
        25
        15
        35
         5
         0
         1
         4
        33
        21
        17
        32
         2
         2
         0
         4
        42
        12
        33
        17
         0
         1
         1
        15
        39
        15
        38
         4
         1
         1
         2
        34
        26
        18
        34
         1
         0
         0
         5
        48
        10
        25
        19
         3
         0
         0
        17
        32
        11
        32
         7
         1
         2
         0
        30
        18
        21
        29
        15
        14
      1341
      7772
      4982
       490
        27
        29
         4
         2
        11
       116
       117
        13
        25
        19
         4
         2
         7
       125
        52
        32
        36
        13
         6
         2
        21
        99
        39
        24
        32
        16
         4
         4
        34
       146
        60
        36
        26
        12
         8
        13
       200
       203
        25
        41
        22
         8
         5
        48
       208
       100
        28
        41
        10
        12
         7
        33
       191
        93
        38
        36
         8
         4
         9
       138
       186
        29
        41
        25
        11
         7
        34
       240
        94
        29
        47
        47
        24
        12
        17
       163
       102
        37
        28
         2
        38
       841
      1290
       288
        36
        36
        27
        21
        81
       175
       300
       113
        40
        37
        18
        26
       119
       116
       314
       111
        61
        30
        11
        65
        94
       386
       183
        53
        50
         6
        10
        96
       140
       256
       183
        69
        31
        17
        18
       144
       270
       245
        37
        37
        12
        20
        86
       243
       612
     14131
     26768
     23933
     38501
     22106
     11520
    170709
   1292010
   1283568
    394472
     25939
       808
       236
       104
       134
      2564
     10244
      6086
      1435
       403
       279
        94
       253
      4215
      6147
       728
       390
       317
       285
       101
       390
      2115
       661
       103
      1642
      2121
       323
        91
        79
        48
        14
         6
         4
        15
        35
       124
        86
        29
        17
        13
         6
        27
       121
        94
        34
        14
         3
         3
         4
        92
        84
        50
        11
         8
         5
         3
        31
       109
        51
        41
         9
         5
         5
         6
        68
       113
        69
        27
         9
         2
         2
        19
       108
       101
        54
        14
         7
         5
         9
        90
       156
        62
        22
        10
         4
         4
        74
       178
        78
        52
        14
         8
         7
        11
       136
       218
        88
        15
        11
         8
        12
       125
       245
        49
        29
         6
         3
         7
        47
       169
        63
        34
        20
         5
         8
         4
        51
       149
        57
        29
         8
         3
         2
        27
       161
       112
        34
        20
         6
         2
        21
       150
       100
        31
        19
         6
         4
         7
       113
       158
        58
        43
         7
         5
         4
        46
       426
       238
        32
        19
         4
         6
        33
       174
       108
        29
        19
         4
         4
        15
        69
       135
        53
        30
        12
         6
        12
       168
       475
      1230
       455
       167
       131
         8
        21
       180
        68
        13
        41
        91
        22
        20
       122
       113
        22
        29
        68
        36
         7
        43
       200
        93
        47
        28
        60
        12
        16
       175
       133
        28
        24
        61
        21
        17
       154
       108
        18
        26
        48
        33
         9
       110
       128
        34
        39
        20
        53
        14
        21
       160
       119
        29
        25
        40
        40
        24
       577
       537
        68
        22
        35
        45
        41
       284
        86
        30
        24
        28
        44
        50
       197
        82
        29
        24
        31
        42
        18
       175
       196
        39
        29
        20
        49
        25
       150
       121
        30
        21
        24
        42
        41
       106
        44
        41
        14
        33
        28
        45
        86
        39
        44
        16
        28
        33
        35
        75
        41
        49
        22
        18
        43
        40
        46
        60
        35
        39
        19
        28
        45
        31
        62
        52
        41
        18
        32
        41
        31
        56
        50
        61
        15
        29
        45
        35
        37
        65
        49
        40
        29
        41
        49
        61
        59
        21
        55
        29
        54
        47
        62
        64
        16
        45
        31
        88
        57
        99
        81
        20
        59
       293
      1284
      1188
       835
       178
         6
        46
        34
         4
        37
        43
         7
         8
        56
        22
         6
        31
        62
        15
         7
        60
        26
         5
        25
        83
        26
         3
        63
        28
         3
        46
       105
        19
        11
        64
        32
       348
       911
        94
         8
         5
        45
        58
        57
        33
        18
         3
         2
        43
        39
        40
        32
        17
        11
         2
        12
        58
        31
        43
        13
         9
         4
         6
        49
        36
        41
        20
         8
         3
         4
        36
        46
        33
        22
        10
         4
         3
        46
        41
        35
        11
        13
         5
         4
        57
        31
        28
        17
        13
         1
        10
        57
        26
        23
        18
        14
         3
         7
        61
        28
        27
        21
         5
         3
        16
        76
        14
        21
        23
        10
         1
        29
        73
        15
        20
        30
         8
         4
        15
        70
        34
        28
        18
        10
         3
        18
        78
        34
        26
        18
        11
         1
         4
        69
        52
        26
        16
        12
         2
        10
        75
        34
        29
        13
        10
         2
        16
        76
        13
        24
        18
         7
         2
        11
        83
        25
        23
        18
         7
         2
        33
        79
         7
        29
        18
         9
         0
        51
        61
        16
        24
        20
         5
         1
        41
        72
        19
        31
        15
        11
         2
        35
        87
        28
        37
        15
         6
         2
        32
        90
        42
        38
        17
         5
         0
        33
        87
        52
        39
        21
         4
         3
        52
       707
      1732
       348
        19
         4
         5
        62
       121
       111
        11
        13
         8
        12
       103
       164
       107
        19
        24
        10
        25
       135
      1427
      1829
        90
        18
         3
         8
       110
       104
       230
        90
        62
        19
        19
       216
      2481
      2963
       104
        18
         8
        44
       276
        84
       122
        43
        21
        14
       744
      8775
      5188
       289
       177
      5207
    351111
   1298127
    438051
     95822
     52288
      5807
        17
         1
         1
         0
         0
         1
         4
        12
         1
         1
         0
         1
         0
         4
         6
         5
         1
         0
         0
         1
         7
         6
         2
         1
         0
         1
         0
         5
         9
         2
         0
         0
         0
         1
         5
         9
         2
         0
         0
         0
         2
         7
         6
         1
         1
         0
         1
         0
        10
         4
         1
         1
         1
         0
         4
        10
         2
         2
         1
         0
         0
         5
         7
         5
         0
         1
         1
         1
         2
        11
         2
         2
         0
         1
         1
         5
         8
         3
         2
         0
         0
         2
         7
         7
         3
         1
         1
         0
         1
         6
         6
         2
         2
         2
         2
         6
         6
         7
         1
         1
         0
         1
         1
        11
         6
         1
         0
         1
         0
        11
         7
         3
         1
         1
         0
         0
        12
         7
         4
         0
         0
         1
         2
        12
         8
         0
         1
         1
         0
         6
        11
         4
         3
         0
         1
         1
         3
        14
         4
         2
         0
         1
         0
         9
         9
         2
         2
         1
         1
         3
        13
         3
         3
         1
         1
         2
         6
        10
         1
         1
         1
         0
         8
         7
         9
         5
         0
         2
         1
         3
        12
         5
         2
         2
         0
         1
         5
        19
         2
         1
         0
         1
         1
        12
         8
         4
         1
         1
         0
         2
        10
         7
         2
         1
         2
         1
         3
        13
         5
         1
         1
         1
         1
        11
        13
         3
         1
         0
         1
         4
        12
        10
         2
         0
         0
         3
         8
        14
         3
         2
         1
         1
         2
        16
        10
         2
         1
         0
         1
         7
        14
         8
         3
         0
         1
         1
         9
        14
         4
         1
         1
         0
         3
        16
        14
         3
         0
         2
         1
         6
        17
         7
         1
         2
         2
         0
        10
        17
         2
         3
         1
         1
         1
        18
        12
         3
         4
         1
         1
         3
        16
        12
         2
         1
         2
         1
         8
        24
         4
         1
         0
         0
         1
        14
        21
         4
         1
         0
         0
         5
        22
        12
         3
         1
         2
         0
         6
        23
         9
         3
         3
         0
         0
         8
        20
         8
         4
         0
         0
         2
        17
        15
         3
         2
         0
         1
         2
        26
         8
         2
         1
         0
         1
         6
        27
         3
         1
         1
         0
         4
        21
        15
         4
         1
         0
         0
        15
        29
         8
         2
         0
         0
         9
        44
        13
         5
         1
         1
         1
        28
        37
         7
         5
         1
         1
         7
        50
        28
         7
         1
         2
         2
        45
        44
         7
         4
         1
         3
        25
        98
      2422
     17589
     13213
      1194
       378
       502
     23195
    686428
   1206705
    282767
     41508
      1976
       219
       350
       659
       259
       332
       323
       106
        30
        17
        59
       370
       805
       435
       217
        91
        39
       201
       454
       821
       899
       458
       204
       145
       284
       755
       206
        28
        12
         7
        29
       188
       272
        83
        13
         9
        11
        96
      1127
      1429
       264
        49
        19
        51
      1079
      2241
       409
        29
         8
        19
         5
        39
       100
        34
        11
         5
         9
        12
        89
        67
        29
         9
        14
        34
       300
       404
       120
        22
         5
         7
        43
       288
       199
       206
       418
      2221
      3135
      2446
      1483
       977
      1382
       789
        56
        11
         9
         4
        24
        66
        27
         9
         4
         1
         3
        17
        50
        16
         4
         3
         0
         2
        22
        33
        10
         1
         0
         2
         4
        23
        21
         8
         3
         1
         4
         9
        21
        14
         2
         1
         3
         1
         5
        25
        10
         4
         4
         5
         8
         7
        20
         8
         3
         7
        11
         5
        11
        12
         3
         2
        17
         6
         3
        15
         3
        11
        15
         9
         4
         3
         8
         3
        16
         9
         1
         3
         4
         3
        16
        11
         6
         0
         1
         3
        17
        13
         2
         0
         1
         1
        15
        12
         3
         1
         1
         3
        12
        13
         3
         0
         1
         2
        14
        11
         1
         0
         1
         3
        15
        11
         1
         1
         1
         0
        13
        13
         4
         0
         0
         1
        20
         6
         5
         1
         0
         2
         9
        14
         5
         1
         2
         2
        10
        11
         6
         2
         0
         1
        10
        12
         7
         2
         0
         1
         9
        15
         3
         2
         1
         0
        11
         8
        10
         0
         3
         1
         4
        18
         5
         2
         1
         1
         2
        18
         9
         2
         0
         1
         3
        12
        11
         4
         1
         1
         2
        13
        13
         1
         1
         0
         2
        16
         8
         5
         0
         0
         3
        11
        14
         4
         0
         0
         2
        11
        11
         6
         3
         0
         2
         8
        14
         4
         2
         3
         0
         7
        14
         8
         2
         2
         0
         2
        18
        11
         1
         1
         0
         6
        16
         9
         1
         2
         1
         3
        14
         9
         3
         4
         1
         4
        17
        11
         3
         1
         0
         1
        18
        13
         4
         1
         1
         4
        15
        16
         4
         0
         1
         3
        13
        11
         7
         8
         1
         2
        16
         7
        11
         7
         1
         1
        19
        14
         8
         4
         1
         4
        18
        16
         7
         4
         0
         4
        33
        16
         6
         1
         4
         2
        23
        23
         8
         4
         2
         4
        14
        27
         2
         8
         6
         3
        18
        21
        10
        12
         3
         2
         7
        29
        17
        11
         7
         2
         4
        24
        18
         8
         5
         2
         4
        20
        31
        14
         6
         2
         7
         8
        29
        24
        12
         3
         1
         4
        26
        45
        15
         7
         4
         2
         9
        50
        33
        13
         4
         6
         8
        53
        56
        12
         3
         5
         7
        45
        69
        22
         9
        12
         6
        31
        86
        29
         9
         9
         1
        13
        76
        44
        24
        14
         8
         3
        35
        77
        55
        30
        15
         3
        13
        63
        95
        39
        10
         7
        12
        37
        89
        38
        10
         8
        13
        31
        89
        23
         5
         4
         7
        22
        62
        47
        19
         8
         6
        12
        35
        88
        38
         6
         2
         3
        14
        61
        61
        12
         3
         1
         1
        11
        60
        32
         6
         2
         1
         8
        43
        43
         5
         3
         1
         3
        37
        57
         5
         1
         2
         1
        24
        59
         8
         5
         1
         1
        10
        77
        13
         7
         1
         1
         2
        47
        52
         6
         3
         1
         1
         6
        67
        28
         1
         2
         0
         2
        20
        59
        11
         2
         1
         1
        11
        48
        35
        10
         2
         1
         2
        27
        72
        25
         4
         3
         2
         5
        64
        67
       732
      2430
       736
        39
        69
        93
       203
      5806
     10660
      1705
       148
       165
      4157
     29985
     23459
      3918
     91918
    574444
    515451
    155355
     40528
     16229
      4816
       302
        88
      2777
     13546
     13025
      3465
       444
        61
      1021
      8198
      4771
      2134
      2396
       935
        63
        16
        34
      1157
      3271
       725
        10
         1
         4
       239
      2540
      2234
       195
        88
       100
       136
      2624
      6672
      2521
       103
         2
         2
         9
       101
       172
        51
        27
        20
        22
       598
      2668
      1809
       245
        13
         3
         3
        32
       164
        46
         6
         3
         1
        34
       173
       113
        27
         8
         8
        15
       459
      1937
       825
        51
         8
         5
         1
         1
        46
        61
        12
         3
         1
         2
        18
        62
        16
         1
         2
         0
        12
        56
        16
         1
         1
         0
        11
        58
        18
         2
         4
         0
         3
        42
        43
         5
         2
         1
         2
        45
        50
        18
         1
         1
         3
        13
        86
       152
        59
        54
        41
        27
       183
      1244
      1085
       134
        18
        10
         8
        32
        46
        14
        16
         4
         3
         8
        33
        15
        11
         4
         5
         2
        15
        23
         9
         6
         3
         5
         6
        21
        11
         5
         5
         2
         4
        16
        12
         6
         5
         5
         2
        13
        15
         7
         2
         4
         4
         9
        16
         8
         2
         3
         3
         7
        19
         7
         1
         4
         3
         3
        15
        10
         4
         2
         3
         2
        14
        14
         3
         1
         2
         7
         9
        17
         3
         1
         1
         3
         9
        17
         9
         1
         2
         2
         5
        19
        11
         1
         5
         0
         2
        15
        13
         2
         2
         4
         2
        15
         9
         5
         2
         1
         2
         9
        16
         7
         4
         1
         1
         6
        21
         8
         3
         1
         2
         6
        21
         6
         3
         4
         1
         3
        16
        19
         3
         1
         1
         1
         8
        23
         8
         5
         0
         1
         6
        17
        11
         6
         2
         3
         3
        19
         9
         4
         5
         2
         2
        13
        19
         6
         2
         0
         1
         8
        16
         9
         7
         1
         1
         3
        19
        16
         5
         0
         1
         2
        17
        19
         5
         1
         1
         2
         7
        24
         6
         4
         1
         2
         2
        31
         9
         3
         0
         2
         1
        28
        17
         5
         1
         2
         0
        11
        32
        10
         2
         1
         1
         7
        29
        13
         4
         0
         1
         5
        26
        18
         1
         1
         0
         1
        26
        15
         6
         2
         1
         4
        20
        18
         9
         2
         1
         1
        19
        23
         4
         3
         0
         3
        13
        28
         5
         5
         2
         1
         9
        29
        10
         4
         1
         1
         6
        27
        16
         5
         0
         2
         3
        29
        20
         3
         2
         0
         2
        26
        24
         6
         3
         0
         1
        14
        39
         8
         5
         0
         1
         7
        29
        27
         6
         0
         1
         2
        19
        32
         8
         4
         1
         0
         8
        32
        17
         2
         0
         1
         3
        29
        23
         4
         2
         0
         2
        16
        35
         8
         1
         1
         1
         7
        31
        21
         2
         0
         2
         3
        40
        21
         3
         0
         0
        11
        45
        15
         1
         1
         0
         8
        47
        21
         3
         2
         1
         6
        46
        22
         3
         0
         1
         4
        40
        25
         3
         2
         1
         6
        39
        28
         1
         0
         2
        10
        26
        28
         3
         2
         2
         0
        28
        30
         8
         2
         1
         2
        20
        30
        12
         2
         0
         0
        14
        35
         9
         1
         3
         0
         6
        27
        29
         1
         2
         1
         1
        32
        27
         3
         1
         1
         3
        17
        37
         5
         3
         0
         1
        16
        41
         5
         1
         1
         0
        14
        35
         9
         0
         0
         2
         6
        38
         7
         0
         2
         2
         7
        35
        12
         2
         1
         0
         4
        39
         9
         1
         2
         1
         6
        30
        18
         4
         1
         0
        14
        30
        11
         1
         1
         1
        14
        35
         7
         0
         2
         2
        12
        40
        11
         3
         0
         2
        25
        40
         8
         2
         1
         1
        16
        44
        11
         3
         2
         2
        16
        45
        18
         4
         1
         2
        14
        52
        29
         4
         5
         1
         7
       119
      2726
     15677
     29053
     26545
     11138
      4205
      8843
     11654
      5310
      1408
      1257
     14617
     55464
     28703
      2443
       280
       731
      9158
     18196
      5902
      1988
      4025
    139308
    664809
    411299
     33099
      1571
       246
       245
      2951
      4988
      1367
       407
       144
       283
      1861
      1330
       305
       237
       166
        47
        31
        23
       210
       324
       190
       101
        48
        58
       313
       625
       392
        58
        19
        36
        57
       110
       113
        47
        25
         6
        18
        72
       169
       111
        37
        15
        41
       161
       108
        38
        26
        29
        26
        85
       122
        69
        29
        31
        29
        68
       110
        51
        17
        27
        31
        77
        71
        29
        17
        11
        24
        58
        91
        38
        17
         6
        17
        35
        75
        56
        19
        21
        12
        27
       102
        70
         9
         5
        20
       106
       202
        88
        45
        25
        25
        67
       241
       146
        43
        30
        38
        98
       150
        53
        20
        22
        22
        43
        79
        63
        16
        12
        13
        31
        47
        83
        31
        12
        11
        27
        81
        67
        14
         7
        26
        57
       103
        55
        14
        14
        14
        57
        81
        47
        22
         7
        10
        24
        69
        60
        19
        13
         2
        19
        80
        73
        23
        14
         7
        50
       146
        32
        10
        18
        19
       100
        86
        21
         9
         1
         5
        42
        40
        24
         4
         3
         7
        36
        51
        17
         8
         2
         9
        23
        50
        29
         5
         6
         7
        34
        61
        25
         5
         0
         6
        55
        55
         7
         9
         9
         9
        69
        35
        12
         2
         7
        22
        63
        20
         3
         8
         1
        25
        72
        19
         9
         1
         4
        29
        59
        26
         6
         5
         3
        17
        47
        28
         5
         6
         2
         9
        44
        34
        16
         3
         4
         6
        43
        40
        18
         4
         1
        17
        59
        36
        16
        10
        13
        20
       124
      5881
     58079
     65486
     13171
       723
       146
       483
       577
       123
        28
        25
        79
       179
       123
        28
        18
        22
        68
       236
        87
        24
        17
        36
       118
       178
        53
        12
         6
        26
        56
       175
        70
         8
        11
        12
       104
       165
        48
        34
        35
        39
        75
       266
       191
        87
        62
       136
       324
      1086
       678
       103
        53
        41
        54
       300
       309
       135
       135
       138
        93
       405
       270
        57
        25
        45
        75
       192
       181
        58
        27
         5
        38
       163
       127
        27
         8
         7
        28
       113
        88
        18
        13
        16
        20
       125
       120
        43
        13
         6
        34
       161
        80
        13
         6
        12
        53
       118
        35
        12
         6
         4
        30
        91
        37
         4
         3
         4
        14
        75
        45
         7
         3
         2
        10
        73
        39
         6
         3
         4
        27
        87
        21
         9
         3
         4
        39
        88
        25
         3
         6
        15
        78
        48
        15
         5
         3
        16
        53
        55
        10
        10
         4
         9
        67
        44
        14
         6
         4
        14
        56
        35
        13
         6
         6
         9
        67
        42
        15
         6
         3
        25
        62
        29
         8
         3
         6
        32
        59
        18
         5
         6
        10
        62
        31
         8
         5
         7
        21
        59
        17
         6
         5
         4
        28
        64
        26
         6
         6
         7
        19
        69
        25
        20
         9
         3
        33
        71
        28
        14
         7
         5
        42
        82
        25
        11
         9
        12
        58
        57
        11
        11
         5
        21
        67
        32
         8
         7
         3
        51
        46
        21
        12
         5
         4
        34
        52
        20
         4
         4
         4
        34
        55
        23
         7
         2
         5
        49
        55
        15
         5
         3
         3
        48
        60
        13
         4
         0
        14
        67
        61
        12
         5
         9
        33
       123
        20
         3
         6
         7
       105
        81
        19
         4
         4
         6
        81
       123
        46
         5
         3
         3
        96
       213
        68
        21
        27
       110
       690
       540
       109
        42
        50
        49
       170
       376
        99
        27
        26
        38
       190
       250
       120
        24
         8
        23
       255
       205
        38
         9
         3
        31
       169
       128
        18
        10
         9
        43
       190
        81
         6
         7
        22
       134
        98
        10
         2
         3
        14
       130
       108
        13
         4
         5
        15
       131
       145
        24
         3
         1
        73
       257
        69
         9
         4
        50
      3514
     89337
    241032
     74260
      2110
         4
         0
         0
         0
         0
         0
         0
         0
         0
         0
         0
         0
         0
         0
         0
         0
         0
         0
         0
         0
         0
         0
         0
         0
         0
         0
         0
         0
         0
         0
         0
         0
         0
         0
         0
         0
         0
         0
         0
         0
         0
         0
         0
         0
         0
         0
         0
